6285730941333
6285730941333
15043805231
447896760772
447480938204
447736353726
447739953755
447455212113
17147184656
447824881788
4407811604787
447947819691
4407491935738
447745800663
447969330512
447703105716
447583780925
447737626124
447947005002
447812905963
447722299102
447802861619
447802861619
447985215497
447394522329
447791381083
447736353726
447795575177
447779294462
447813621192
447407133430
447958016442
447989144881
447543281613
447775877436
447964664609
447917570987
447510218716
447972712251
3131313131
447568063254
34623392688
34623392688
34634360600