171349820
085730941333
40000000000
0895610348494
7329848618
0508851664
6285730941333
6285730941333
161349820
171349820
1234566777
0895610348494
0964654564
3339490681
0895610348494
5174356379
14047546172
4015456706
6628744121
6124626474
9089386217
9089386217
5202974816
8179295811
7256663329
13526240339
5703983561
2672438759
3307275102
6789276451
8106358137
7077251616
6182432045
4405213669
6318387596
4026890226
3472771805
5025587874
6304840528
8102526410
7409787855
6013988246
8134709942
4238376707
6316825027
6505788474
6176409671
2542457379
5044002164
3182298772
7063394275
07501612051
7189743618
15043805231
0571718401
8178930875
6018420865
8308575007
8602020979
2042985848
0428938654
07742703945
5175435858
01044256938
07955610842
07565777855
0793778350
7147775564
01740651577
8016946074
0041793209110
07703962674
7132044949
01332727541
07956440255
6179599540
4163126866
4198859280
4083902274
7733314467
4063149846
234567899
1234567890
345678904
2705908401
8622060673
07947934116
6124185610
9513495042
3345254632
07967008482
07856392654
07941044552
01706370246
07938327003
019020261806
01226281222
07756874282
01273775613
2164541182
07712141567
07732832833
7708662791
07704023316
07704023316
01495311591
07747387369
7896760772
4024444242
07732321413
07555102305
8005551212
4233643582
4233643582
07939972522
07909447495
07983440358
07867929968
01202951341
07557344513
07984328217
07951844776
07527414369
07714646074
07908546143
07749717870
07825324131
07841347300
07799464161
07449768007
07776230508
07721053762
07765860167
07500061940
07850771425
07824637710
07736061250
07944800393
01293784390
07412472033
07834420582
07970656393
07565024789
447480938204
07368342630
07732896844
07505356102
07789841570
07388024605
07591520354
07891864223
07827440833
07951523333
7736353726
07828993211
07947070823
07800927489
07789454322
07908587497
07776237802
07577398502
07903161348
07880435398
07557684410
07708180407
01293530577
07730602680
07776099223
07538941985
07411438900
07834363577
07584427885
01205355729
01515235814
01625876042
07816988552
07876745166
07828283388
18062563105
07921210655
07917346087
07891873271
07717572158
07988017684
7739953755
07979243868
07503066377
07966445107
01373834098
01460351699
07843364281
07590024714
07765404801
01208841115
01480496330
07539501908
01453843919
07972689212
07872954996
07401210883
07393341588
07472877492
07982757960
07815897299
07720608843
07946628298
01375387283
07928639030
09761132257
07747635266
07792133516
07788414954
07747635266
01962880718
01211234567
07759275766
01856771844
07950830480
07712141567
07939449987
07973446054
07590715699
07834363577
01304825167
07821647026
07979804739
07511492936
01493731311
07538137064
07568173412
07800754772
07956615911
07917224363
3069419988
07866160869
07437003085
07722883761
07765694667
07931527411
7455212113
07557344513
07450892739
07468523220
07795290593
07426810421
07753338025
07999563788
07859298829
07449532229
07968122663
07765881494
07821204499
07449532229
07999563788
01924401245
07743807770
3606001492
07739343452
07973171390
17147184656
3369826084
07971612889
07460033533
07787568582
07749830040
07917344551
07912763108
07958486883
07973285538
07795085199
07868422188
07703656488
07864979690
07706437484
07706437484
07817416670
07881580371
07881580371
07881580371
07881580371
07754173835
07908146345
07776324824
07496089942
3368461885
07803399590
07930245300
07970709199
07710403235
07747747263
07850689531
07932830937
07800547471
01442397125
07572180970
07963466831
07725040412
07763103476
07836783557
07730378661
07585139085
07830072779
01326562079
07738618503
07988612125
07771347383
07817117995
02083401746
07903044106
01782059774
02083401746
07588438236
07883008284
318129667
318129667
07494737809
07702559225
07777619150
07522509283
07792073211
01492531460
07917702749
01179664129
07708200162
01273422084
07881508458
01619152650
07531732436
07979426529
07919975585
07866408437
07368215330
07887542012
07949411008
01234713381
01709377289
07980952584
07762255612
07968352006
07718627932
07779230813
07712446577
07525128170
07779230813
07950563950
07545388695
07988637387
07766326843
07759083448
07901832768
07777619150
7824881788
07939364778
07986649501
07887862448
07793452218
07775943133
07843538830
07719882614
07719882614
07811746708
07742111094
07817583119
250942683
07905287575
02089523708
07904960597
07810873379
07984918543
07920851175
07464824861
9896742546
07464824861
07936883347
07974210125
07760188087
07513906769
07749817896
07468539498
07826484947
07719782802
07933005521
07967317313
01900606994
07920775399
07748682419
01895271798
07456528853
07446967291
07977798241
07515515734
07701392782
01202894318
07747835404
07774994572
07879772293
07540419721
07494102866
07980639196
07929904705
02089078048
07510313290
07483806930
07464826861
07777777777
07808156322
01709377289
07510329607
8283222580
07894345666
07725791688
07783070145
07742605726
07763320147
07910032910
07710576520
07967136532
07929839344
07821928244
07969774860
07817364085
07553906900
01785660853
07960121781
01278324718
07974044980
07974044980
07974044980
07974044980
07766764731
07897484879
07843820784
07949830558
4407811604787
07446988321
07833348612
07886912512
07795174668
07870160371
07920887699
07909902284
07979220012
07989985987
07969133139
07825584824
07768571664
07710664600
07939112783
07800523224
01429277879
07387832673
7947819691
0740391115
07711197455
07794313238
07810102071
07588039696
07958160937
07878078348
4407491935738
07825599327
07974442914
07940215786
07851958387
07891545041
07547901234
07795034345
07817512120
07917508650
07792905702
07727019244
07557343738
01925502163
07939001435
07590061952
01633833821
07902607080
07973150235
7745800663
07967156628
07795022910
07841126485
07836328788
07368255697
07830366886
07788260926
07954138561
07949729049
07846040163
07940950528
01964603317
07854719670
07980191754
07856421561
07881414648
07967076438
07831583902
07951895423
01381620117
07747618901
07388772471
07595447427
07598279985
07753259361
07885518635
07742111094
07544708490
07746438108
07951330961
08742111365
07951330961
07800816900
07740182649
07732855452
07733262723
07402869712
07974229562
07763944012
07969212478
07711089691
07396548885
01417712964
02088701803
07970351454
07450052890
07931424488
07740046936
07522294861
07582575912
07747889623
07971150952
01480476752
5548554122
07899962771
0410861116
0779676766
07917845540
07825659795
07585119102
07581461476
07973204295
07732746954
07788942655
07775332349
07817787049
07411589280
02074506245
01403264457
07595006377
07891190462
01213531360
07985434377
01224480930
07498571808
07764611094
07502225575
01606833641
07505394755
01254760467
07879222573
07879222573
07582575912
07428565704
01656746037
07732718220
07564425367
01702714385
492942839001
01616827542
07795248851
0215502256
07771832200
07402563063
01245351686
07948980228
07920423737
07737210138
07703105287
07889170255
07935869789
07825349618
07584127810
07950380439
07535864651
07922423231
07901835104
07791059584
07875375453
07989596650
07769201603
07860610037
07817061881
01928563297
07917573631
07712144504
01213086708
07741202314
07824426975
07956552283
07968360667
07593642124
07803522500
07950936118
07730700805
07767013407
07969375038
07984395112
07917355272
07525020077
07712484304
07872626604
07950992616
01226385064
07826469350
07778267698
07891805191
07912257012
07786035752
07566211110
07976975822
01415541791
07761803195
07762519943
07734352434
07470877698
0197972227241
01418846944
01664560643
7969330512
07530127610
07773005070
01202940656
07530127610
07958777215
07889545710
07955494731
07714417577
07481991650
04980951184
07455299071
07990526257
07402805366
07859012678
07849968468
07753608590
1234566777
07800561102
07877389894
07787425380
07810005969
07903833073
07545255598
07810005969
07871049918
07584971839
07926033666
07808149111
07970427544
07773402508
3368777511
8288984603
07850384102
07850384102
07850384102
07870893379
07784132440
07729851261
07795956395
07411304146
07738687904
07546898317
07809673518
07738687904
07715676656
07854953192
07921615570
07921615570
07759490054
07534433860
07999420592
07414650447
01780756505
07964389772
07545333408
07872164963
07792474540
07709700020
07775953526
07912058988
318129667
5558769989
122345788
07969077674
07450388557
07709130146
07824395734
07880438794
07754235110
07883142181
07917619144
07725009390
01382668368
07877871954
07754235110
07817170586
07875486787
07516550007
01394271959
07889896748
07857651318
07462123859
07841672736
07866742398
07795088085
07713322004
07734267681
07850373814
07973568008
07790905359
07383083435
07973481362
07814038768
07783435625
07725976766
07795958883
07470298640
07926842241
07851855198
7703105716
07813766521
07956399455
07712159129
07590529610
07931278370
07990820871
07496727315
07833449396
07793461978
01268743312
07956712616
07305916027
02476612447
07944502239
07917033263
07734151154
07771722086
7583780925
07947157740
07903897642
01744753992
07825924527
07765108012
07772515913
07724296195
07969435233
07709341319
01706521017
07809423523
01642815255
01642815255
01642815255
07780798876
07710235506
07709969299
07899844730
01698816805
8035196364
07815146342
07795606926
07539118627
07713702103
07891510891
07761964095
07733344795
07710809499
01132826908
07931094099
01387267087
07584651337
07884443938
07497431573
07498329938
07855946536
07717262123
259819395
07789243400
07789243400
07719288308
07957366884
07974044980
07867924681
07733031558
07772630654
07990514057
07341958922
07957549551
07775905067
07958528374
02893364934
07828800755
07790860118
07870787444
07765584391
07854117287
07837351985
07706071310
07825173443
07805296363
07759544627
07961222125
2342423423
07786858362
01823350112
01287633199
01903739596
07718311205
07791758232
07769661603
07523269095
07377378038
07864781988
07585714699
07866832718
07900216292
07402024928
07876400293
07739316150
07710166942
442476757688
07710166942
07710166942
07749008972
07824514457
07543595993
07543595993
07847279910
01695623163
07445260206
01642982433
07912847462
07722096084
07500929121
07885647254
07527065368
07870497593
07828045262
07889561880
0190062999
07970655916
07896536888
07368395744
01253778367
01253862540
07843850000
07732848698
07737518183
07772861416
07914081937
07870971598
01454601530
07733360213
07714583794
07811950848
07970657591
07868170820
07933347870
07872160332
07545269525
07478738628
07734324082
07896604967
07932389780
01354655985
01327872318
07889460186
07974748905
07775927064
07590907595
01376341947
07572029132
07481840581
01539721642
07821877747
07715285024
07894964424
07722520357
07544817987
07796262567
07803164917
07748142366
07488378659
07702237797
07917207953
07824336322
07780432734
07766250012
07772505894
07748403721
07956585804
01624837031
07970218813
07973742180
07973742180
07828441941
07500039262
07506631395
07850120232
07909205441
07568380721
01942204878
07876450669
07899279842
07799458437
318129667
318129667
07786230563
318129667
01582760945
07836742944
07805150370
07734461971
01764662307
07842780934
07796317882
07702410450
07941188975
07786244361
01417777119
07887886851
07818630190
07798885005
1800463266
07810482891
07340559921
07368400487
07775581513
07841744038
07905788669
07368400487
07842060886
07871669578
01933272676
07899000040
07470998971
07739557106
07392309936
07398228704
01912679382
07966189442
07951033228
07867452874
07971804837
07412604992
07944415304
07970872713
07764303142
07718061122
07772246677
01277212698
07562189777
07450235100
07711247719
01484432648
07719955083
07753443351
07511539357
07827959736
07802784781
07850969980
01430441204
07577691476
07903895440
07833643290
07980336431
01506591719
07870971598
07790276754
07957989564
07443334144
01506591719
07729126394
01983551891
07793950476
07787830374
07957099717
07917730618
07824453869
07584658891
7737626124
7851072602
01772433007
07377554396
07747143983
07685236521
07740119077
07825295314
07933750491
01252266931
07434802858
07747621422
01252266931
07434802858
07745776623
01236428388
01384594209
07983996148
07977847233
07765233674
01513399040
07855503470
07771387279
07810447278
07513431791
07747017460
07778150019
07801074017
07368471384
07962261560
07940743945
07811950848
07715670215
07811950848
07976479164
07853721947
07765240390
07725745676
07855835995
01928560731
07899927748
01513399040
07368400210
07368400210
07802377931
01343551013
07557731460
07949042881
01786464543
07527994683
07572658466
07538723950
07866392479
07821574547
07904974636
07496828899
07918489335
01457866072
07450292962
07738408351
01525375570
07921711393
07770468766
07787555948
07811007403
07738787236
07815041762
07921388732
0781858932
07825323009
07798662903
07903875751
07703790719
07825323009
07557764642
01494445144
01916596027
7947005002
07501029496
07758515401
07725816621
07487757606
07802675709
12345678912
07593792072
07809750195
07510667646
07943315235
07766005084
01483493193
07590028899
07703577657
07557336707
07771309179
07787551178
07534248632
07931535640
07921521361
07850405652
01416397526
07545151523
07971350787
07813626189
07796102330
07901720889
07894201941
07534001288
07922364573
07419927425
07882407261
07879668930
07887815520
7812905963
07962391170
07867602290
07817933026
07735093649
07899061575
07904157509
07821127602
07971753086
07414793203
07904157509
07488330134
07702085598
07847325235
07788831809
07738612127
07488330134
07775334872
07877222194
07703711970
07766835251
07967677111
07388018337
07715995252
07742978128
07752522564
07837960044
07557764081
07907214086
07946438117
07950529938
07552666989
07915649733
07711246255
07799841426
07870269321
07832931116
0800505050
07557223156
01912524863
07813891877
07812033830
441912524863
07928774202
07798554004
08855213399
07877367732
01822612627
07866653989
07756871380
07468491886
07915654916
07738442181
07423141858
07903258796
07870370326
07789986102
07716350067
07714875959
07917190951
07726420204
07495698629
07919470558
07561102900
07919301965
07769806640
07802781739
07736300559
07710152716
07825409251
07450998421
01771637927
07756601482
07792127952
07769325824
7722299102
07904121082
07788663031
07799260807
07735505513
02380555966
07525808608
07735505513
07876591101
01892662342
07769325824
07950903637
07793767454
07976766484
07793035448
01244520927
07956417936
07815284964
01623620095
07843326564
07756601482
07910839963
07756601482
07769291416
07388498375
07388498375
07866623420
07909957378
07786659777
07881984246
07815284964
07757269160
01202524971
07920771220
01633277900
07739913842
07786659777
01633277900
07931363367
07949143803
07696969699
07879403436
01290422017
07962099542
07795167630
07747101307
07949027438
07920024750
07715390880
07123564628
07852116865
07720541491
07936364470
07500906682
07800557414
01843585939
01362857976
07796334143
07989224994
07896756705
07443453932
07976894832
01946814138
07907862715
07766913907
1234567898
6666666666
07702847488
07891516870
07850915094
07843101871
07967633498
07771528856
07805246625
07828529607
07939920072
0755705827
07208155950
07830485619
07930963500
07985310720
318129667
07984668460
07743862990
07889022832
318129667
07714380525
07769862076
01909472354
07766142012
07770731800
07716646786
07931390252
07931390252
07879640813
07966166719
07855762311
07711523610
07899916168
07941144774
07545123299
07810683586
7069231357
07862717304
07530907820
07530907820
07854582259
07947890580
07766313256
07894064342
07415653588
07860806140
07828834306
07907321153
07795385675
07833673590
01684562702
07798656678
07584257039
07957911334
07926093345
07826849721
07757763806
07725340979
07547688437
07446251637
07835373624
07787297771
07947791000
07973962021
07870462813
07508309136
07502211347
07776146071
07445387113
07901846742
07861391174
07771674196
07517977537
07717466959
07810361911
07825554860
07592214948
07585508449
07951956465
7802861619
7802861619
07834545557
07817709660
07864293939
07542840941
07717466959
07449759921
01189864855
07830461925
07972187519
07725027130
07907933640
07887804777
07557102242
07826065617
07585004349
07854406551
07990801319
01189864855
07830461925
318129667
318129667
07903845869
07711236979
7985215497
07427657942
07789741411
07906669940
07796945391
07795471145
07795471145
07538326404
01738622625
07511599647
96827322868
07342982729
01904702998
07828232890
07739404578
07887640130
07946340640
07933277792
07881370608
07733262970
07813452472
07712540088
07788413683
07882618358
07817891517
07813452472
07488269666
07966202865
07711782947
07599223759
07805569322
441277653819
07956320812
07951940910
07790321511
07817746736
07792297278
01225680912
07531355096
07748196750
07577635615
07740847174
07850515095
07921571431
07824903505
07703379546
07444558264
07857010842
07856561217
01594824804
07540930492
07500873691
07715434549
07780457203
07708968938
07572539650
01473691975
07590506057
07712572596
07821824998
07703295349
01473691975
87592721468
07796943330
07793838404
07775353118
07798600410
07712295957
07702794109
07969626223
07516714769
07890268347
07787558392
01616223759
0163549728
07920144444
07841987228
07958444376
0163549728
01656661743
01204380396
07982610535
07368153796
07748018420
07540488661
07808888806
01142589112
07817773921
07487880461
07751219254
07901918593
07947660086
07904063014
07973272099
07794587178
07946380779
07377410228
07852174232
07810406113
07875555843
07789934177
07867318561
07956386095
07973787454
07818599403
07507887470
07826557530
07546721456
07539793288
07790694063
07928612413
07742891099
07714276449
07380667717
123456789
07833225942
07447948689
07713670667
07775727765
07795124327
07826556658
07816007559
07584863168
07494448840
01204561914
07950719753
07305362136
07702636514
07768483121
07780994241
456924944147
07761441324
07954671454
07884242006
07710163064
07858789553
07568558647
07880776612
07833764146
07951956465
07970212113
0122479559
07849079900
07903130044
07910174156
07823334532
07940256480
07725098783
07871244202
792527371
07799234412
01934518638
07906403670
07716338599
07842585559
07977440161
07827321959
07980547068
07592721468
07548275169
07999830261
07807038220
07769730946
07807048762
07588010202
07931132877
0747963966
07597810889
07737409030
07734359624
07805738974
01924823910
07887840050
07984457591
07867770421
07930394622
07871853908
07734866814
07810300973
07528205601
07825648337
07732631104
07985419035
07366644136
07544521216
07984549468
07725055773
07827964859
02083984626
07837642313
07944154148
01142886872
01217882790
07944040403
07896022558
07787545759
07930669569
07930669569
07734452385
01580761661
07983471999
07792912508
07748984462
07718912779
07718912779
07415608454
01977706248
07514042069
01293535275
01424258759
07828881711
07967460839
07889075902
07920463280
07766285315
07552937354
01805439319
07846136287
07799773492
07720438606
07530955002
07975714867
07741202314
07546933252
01968674665
02089797898
770801290
07910624618
07900851837
07549262772
07884446522
07340766855
07810447771
07818963839
07785988222
07791982240
07400522233
07703737786
07824409053
07714215445
07709291578
07973849620
07872444156
07715489689
0195662529
01924823910
07834826744
07761134936
07908035120
07730580317
01993709041
01304212963
07795568488
442891466151
07876572590
07759293443
07494459252
07939487025
07884318449
01695422519
07906387309
07493868894
07960346891
07909681438
07825611169
07710440317
01273476462
07912202425
07468475556
07980741264
07983506049
07513020476
07984434388
01914883835
02890776400
07570802328
07472614680
01244815661
01287677163
9353328752
4342933883
07969007012
07907519038
9172728292
7723579092
3127231130
3127231130
3147450433
5402718129
3174308045
12319070167
2178271939
6174370748
9165395499
7816092234
07415570249
9202143125
6072459070
2034318412
6514882923
4843745260
15106605009
7815616986
3092300279
7324846485
07714004841
07234782263
07825518042
07778262356
07802706849
07906105180
07940050017
2024137271
01208850767
01959523243
01740651577
07842579191
6174806518
07802706849
01772252361
07926580461
2403531307
6143789318
07762151843
5027514088
3236969696
07666666666
9197305861
6319748401
4079209641
2035060124
07722589024
3346725719
9789600202
3612262289
5105017542
4081523665
5149999347
07496202369
8185174480
4013653904
8329784920
5075141829
5075141829
5705168692
9567544487
6314138870
07368686613
832470154
9126779723
4096702679
2173587612
7403598599
9045471058
01159442696
02089042422
07596091736
3258126056
4103251336
6467631900
6467631900
3154370452
07415173115
01226281222
07479550355
07478372425
7813350027
07961938200
01743884328
3369778332
8284571252
01708472280
7394522329
07394522329
07929034757
07596366441
07759633180
01423339884
07536087786
07970821914
07984489410
07949622772
07743045640
441758720054
07747650722
07971380909
01582931838
01786358726
07821376528
07775548364
07443643468
01389751279
07790579350
0120876242
07909513335
07795817125
07908359761
07908359761
07908359761
07908359761
07908359761
07384242879
07508717672
07803561999
07803561999
07873363886
07827014907
07736046840
07368340419
07894339862
07908006838
07946628298
07946628298
07748001857
07980867009
07970673682
07368320990
07974413659
07770417090
07549950991
07368341241
01916823906
07428662024
07496504671
07427653135
07795230433
07733045458
07950449906
44773093975
07976125075
07742113564
07506273871
07876342025
07957213871
07732495209
07935825893
02392478874
07877910416
07754398369
07523889647
07596366441
07802682646
01302949104
07824766203
07517027322
07590536689
07921563528
07789402483
07538940811
07807511413
0920540499
07989236639
07368227289
07958124285
07879180559
01604843248
07747370043
01633214713
07708938626
07856421561
01515268334
07816825311
01983854534
07715604054
07767013407
07938801265
07711534744
07881783785
07837722149
07542834886
07825514292
079966097020
07881495416
07712583731
07388562401
01776853546
07786223660
01344482585
07394565144
07730325633
07919656066
01512282475
07989754101
208452452
07410899266
07766496165
07956149615
01912687093
07974478797
02920869559
07919429252
07513656277
07599720457
07414809751
07887693678
07534274780
07903307480
07503183469
07584023411
01213275424
07508001123
01246855724
01383419403
07904678161
07948717438
07477647215
07535654770
07730784604
07713846223
07917033145
01425276346
07938810958
07544391811
07966029461
07771871468
07912202425
07881661416
07956167798
07585951270
07708692571
07961204876
07504212210
01322524884
07368185352
07831500439
07949347061
02476316472
07887693678
07853278159
07711246255
07756729610
01530458395
07456501600
07892711535
07892711535
07872344795
07503153686
07961074234
01928580824
3368774144
07378422188
07710077700
07852315504
07746556799
07710824091
07966157988
07919524386
07803825720
07368654583
07525788519
07525788519
07968491408
02820768138
07460092270
07847251088
07804891138
07707843947
07368530866
07796566206
18313383023
07818897823
07956202051
07989470234
07768305521
07716109411
07751111191
07721990088
07811283166
07487641601
07875906593
07769297789
07841430886
07791629297
07876338682
07956110008
07880173073
07545682170
07872890118
07588822776
07774716831
07463884029
07426032445
017844388186
07754101673
07470298640
07752798996
07866842208
07814028687
07866016781
07979323358
07940734411
07989751826
07769274064
01706414157
02083841806
07973837131
07780471404
441291431580
07713785612
07534643266
07866345044
07487713901
07738932971
02074506245
07758081830
07947127658
07917412802
07796198689
07787297097
07971661409
07855556901
07469855402
07746988805
07485125569
07539351185
07788723456
07833207293
07975731603
07894524155
07798671976
01355678166
07880532331
07772243953
07901997591
07815145383
07708373843
07703734897
07842721075
07548918911
01501770911
07714664356
07858171044
07738374138
07562779561
07793707182
07979026278
07809156454
07469237327
07591027877
07798586544
07783434166
07758761359
07469739924
07517992357
07469739924
07927378219
07377679718
07751302019
441843220816
07858787733
07858787733
01527273113
07411241025
07805837325
01395224308
01424713299
07961663834
07877418402
01784210967
07786372955
07799306800
07837947855
07772516835
01506430922
07717492661
01519365142
07702523039
87764560830
01440421277
07517895082
07469943220
0780424034
07718918433
441501770911
01245468470
0182755101
07763215533
01324553653
5434582305
07910853939
0182755101
07305991398
07930138801
07817617997
07711855971
07746533399
07811452885
07812144719
07521747727
07765277147
07800531873
07802742451
01616204793
01159441490
07849148242
07455141455
07760398994
07795992576
07966022225
07947118411
01142640717
07949212346
07544795150
07712874855
07853022441
07548101551
07973443622
01942255176
01603415679
441603415679
07769774476
01912365819
441453450840
07493791402
07762424928
07515278852
441202694563
07375114901
07713488024
07789131357
07732570913
07848802551
07841598882
07860553151
07940317174
07866521921
04946877921
07469943220
07775095906
07760738234
07943652905
07866630622
07799365607
07540573474
07729791436
07596713467
07964607145
4079536692
07958152424
441495723242
8289645102
07856878911
01443813326
07799805540
07857330231
07984612393
0753834369
07510520997
01443814278
07843685690
07722955739
07852481503
634352345
01479873701
01479873701
07400252775
07393869284
7791381083
07543795573
07445293609
07715311310
07595307400
07596788179
01323500947
07966664465
01642276061
07500582086
07877445507
07842588496
01273514824
075787555810
07795577286
07503528032
01275316883
07500607537
07880522957
07533579615
07891939039
07515690719
07502324362
07881345962
07837198985
01823338693
07541015993
07792380829
07521913194
01823338693
123456789
07790987678
01823338693
07424567800
07981360852
01225284190
07900981678
01142999911
35348521234
07468589481
7542356957
07976620509
01253872114
07875515283
07828656604
07977674844
07957318129
07952241722
07983407766
07925245380
07553146989
07767866622
07731948063
07706555322
2086410153
02920480416
07963768302
07366849963
07756160506
07902964145
07878069723
07383980824
07746321138
07772421258
01314780990
07772834797
078546321548
07835471251
07983599926
07778369537
5866342127
07595743133
07979804739
07940964888
016350569578
07990015081
07807223205
07866160869
07837519840
07736061250
07526170708
07877072075
07714646074
07391494688
01780592993
7736353726
07887241365
07718219870
07581135772
07814060439
07378222481
07947328053
441274861742
441274861742
07970656393
07739312174
07342880763
01702625139
07794080668
07703345690
0898675432
07986102767
07985110812
07950931540
07557344513
07944800393
07747057962
07747611019
441472852255
07827440833
07946628298
07790773324
07956615911
07912414302
07884005445
07790773324
02082905768
07465269645
01513645608
07962101114
03666523652
01443814989
01914608104
01822481392
07428565704
07960389899
07368955341
07816587050
07775871653
07739906583
696969696969
07393341522
01494268826
07950830480
07866986220
07872301397
07875768359
07932727275
07494737809
07795252775
07394185923
07984493782
07952077904
07753807181
07597691973
07982757960
07488331287
476367926876
07875757859
07926086464
07471208384
07805500994
07786913648
07979317665
07730502269
07786913648
7795575177
07786196841
01322335609
07999838256
07736419465
07771727629
07597691973
99999999999
07938072470
07395286982
07725007898
01404758674
07860902561
07870136814
07870136814
07597691973
07597691973
07973128664
07854003684
07817868644
07919161315
7779294462
07796467402
07950992403
01514245155
07985640451
07849779015
07709349184
7813621192
07833222051
07972081315
797281315
07763337723
07984343523
07940296621
07849779015
07429938411
07982715152
07971598949
07500362103
07935352375
07939400383
07944806759
07946277431
07884437964
07522250767
07792922396
07968409720
07476226685
01342842596
07974442914
01387259289
01387259289
07502332551
07876453281
07545842320
07910309356
07971150952
07979220012
07530146311
01226746044
07584132981
07450007909
07368287475
07971267741
07977430777
07890240613
07889531060
07990526257
07427147487
07769830021
01342842596
07769830021
07735550441
01423522071
07917445778
07786222659
07951811921
07972173637
02476690138
07934298066
07970230480
07771615497
07792797001
07719458286
07880677327
07715448648
07963511415
07780465243
07813878824
07786035752
07941465715
07974280987
07786214849
07801685165
07970678072
07795802519
07970678072
07800920151
07790926649
07580397845
07766801545
07817061881
02476690138
07971666928
07469942979
07590893433
07488286971
07934669428
01617776187
07885808197
07393322170
07858353579
07584304576
07707214657
07902805611
07545637334
07795022022
07912486609
07530823100
07712763986
07966007633
07505001737
441903266860
07956345460
2088515982
07824880993
07969259172
07719711313
07595156684
07834047366
07768147576
07490960003
07719802170
07929266605
07970156237
07717684080
01923663374
07738255110
01782504325
01303873637
07713456490
07957614680
07506568102
07469081903
07598278760
07774847488
07557799117
07970004285
07730323581
07793019541
07796142152
07494933424
07050157140
07949711155
07845098135
07511929048
07810000599
07443487366
07970976973
07793019541
07539038116
07720751320
475117008556
07899728335
07803320585
07947732124
07900803281
07788991010
07885458232
07941047832
07375884654
01785240618
07980213419
07876140015
07411253198
07415900178
07805555562
07786551869
07951467765
07956712616
07958152571
07747703321
07552747671
01744753992
07710235506
07818261309
07725550813
07786085552
07585008259
07383083435
07934666612
07792929645
07800563724
07342645380
07875342887
07956331481
07488292556
01772497993
07922956896
07803183460
07853337657
07792529451
07584651337
07748636923
07764831591
07751455432
07905904114
07791758232
07582147258
07739370552
07772472011
01234567890
07949056214
441278322229
07583780925
07583780925
01353669465
07870971598
07516550007
07881861021
07443470216
07894804677
7407133430
07810442323
07795554616
01294551771
07715575022
07759216760
07703462190
07834159739
0123456789
07811950848
07957989564
07957989564
07980348984
07868170820
07545269525
07710137497
07521475933
07340746565
07725236531
01234567890
01656783604
07867966520
07733328554
07568593244
07538708004
07538708004
07985283852
07960410464
07703012580
07906527747
07818655493
01327705767
07368259837
01327705767
07788593940
01424204788
07710878254
07946416509
07458320359
07967835760
07852387815
07415235757
01554753604
07887247469
07976092793
07852163630
07708085816
07772861416
01277212698
01376341031
07977732337
07515635477
07512613135
07850411879
07413063353
07977844930
07951033228
07837158942
07733020935
07807038220
07811884972
07719683682
441283215481
07455164508
07432846989
01977604423
07721487487
07919022337
07540701090
07825323938
07701062571
07931701533
07908618637
07771683473
07973434955
07929349576
07870738251
07974197417
07799662315
07703263283
0123654789
07734726461
07811934341
07980281137
01758760360
07739017735
07783930741
07805869731
07925042974
07837723907
07870380098
07709177008
07821301629
07876134079
07411943310
07881661422
07941115197
07866744300
07950540595
07703463510
07882323203
07976953957
07716447405
07841599266
07809378870
07554397466
07841347199
2533343386
07882784086
07940534213
07734359624
07936017245
07956386095
07982610535
07875282744
07484240816
07500335126
07757026937
07484240816
01603395032
07904388992
07989186377
07480856768
07805453031
07957884098
07887952604
07595491660
07595491660
07938713816
07584069292
07932527756
07816457345
07861711788
01639767855
07792787283
01895439329
07971189372
07977440161
07960858020
07968395531
07796315575
07780844488
07929117168
07792787283
07720843047
01424258759
07796100230
07949124401
01383725641
07495168831
01333424455
07801235794
07901638838
07712085695
07545353633
07555430311
07557344513
07968391575
01326354555
07534397967
07756475288
01202388243
07702418740
02380555966
441833316378
07745693369
07982715333
08085656569
01524388338
01524388338
07842827557
07525779093
07584938874
07446380125
07921488685
01269841310
07912851158
01248451046
01248451046
07979804739
07796630048
07868292440
07944800393
07907032007
07814269508
07736061250
07798853524
07956615911
07518426532
07813684845
07793545325
01453843919
07909902239
01375387283
0123456789
07488227526
01883371383
07880863666
07944776833
442088683302
7958016442
0771974789
07972173038
07972173038
07903540507
01933632270
07597347539
123456789
07947113172
07977206195
07956537169
07850228869
07718234682
07855038058
07854986955
07946489891
07946489891
07958444270
07712637003
07808911998
07944199355
07455506178
07578387155
07455506178
07455506178
07982757960
01902354117
07947253637
07985360187
07977598394
07757713965
07851958387
07979645557
07784132440
07454749716
07966973067
07974044980
07825649423
07717798768
07921816835
07960068187
01162702267
07801632090
07368918403
01928560253
07889790402
07488240429
07891510981
07756940129
07786551869
07754632632
07795108250
07833208140
07973789663
07931174326
07823446778
441707654335
07957989564
07743961770
07733328554
07458320359
07870738251
07713185706
07725315516
0779056845
07786340686
07488233430
07392750882
07866979929
01617662023
07979105095
07875593548
07910311675
07756345178
07305734506
07825286534
07426365553
7851072602
07336698521
07894987882
1202123456
01494700650
12345678912
07983926681
07967026417
07769940407
441505320762
0781451217
07557731460
07851719876
019999999999
07811224758
07592693276
07592693276
07494054248
07810868646
01652679480
01253640161
07368412694
07907729429
07906102323
01252613826
01517397333
07944156627
7989144881
07870462813
85236585632
07967164179
07989178810
01446624880
0238019829
01213233284
07780447453
07856610993
07856610993
02032944020
07707851407
07999750900
07782105998
07980591456
07776180974
01773442511
07787520255
01236736976
07708510094
012349538958
07545593176
07841277306
01865400219
01865400219
07951500154
07989754101
07877562330
01513551475
07976167384
07863129745
07957132339
07914540463
07740399020
07874963223
07958593482
07774460045
07788663031
02476417599
07767721547
07717745313
01698658397
07979022302
07849779015
7543281613
07708583643
07971093346
087242046648
07813621192
07969733214
07969733214
07969733214
07834902399
07845239243
07342968121
07872499456
07881202572
07763776479
07852210492
07951500154
07426003506
996666666
07922409222
07830072779
07830072779
07956025063
07766242683
07906469881
07833964839
07811765005
07729779190
07375291518
07449038991
07971683844
07984618394
07704673954
07368560600
07976772256
07715232247
07876878744
07874389575
07904896853
01268814728
07814461050
07790996899
07790996899
01872225140
07504568814
07793433572
07468691973
02380737376
07904743326
07868143353
01773822707
07939563924
07741479232
07545765218
07540334193
07791665436
07733201433
07809438985
07870274194
07745000798
07962440751
07788990737
07521932385
07814764282
07939824883
07402824302
07906851815
07710484482
07722503940
07719499525
07393869284
01215057743
01215057743
07874803005
0207007007
07471315081
07876505303
07717595958
07505729690
07887866337
07850218812
07749230803
07701312350
07935230034
07846713842
441162996437
07488252733
07939521878
07914009306
07961734420
07837782449
07899306716
07857204949
01603701097
07399568823
01702526478
01274953060
07710881109
07771553883
07814764204
0124655890
07766277826
01494782415
07889377702
07837693231
01144490521
07568194838
01304365238
07967882931
123456980748
07762120013
07443564282
01634681990
07816224747
01142553690
01527402094
07850069167
07776147317
01283228933
07533579615
07891002059
07746009774
07585951270
07590293506
07966193445
01443430106
01344360260
07770166066
07490783698
07450293332
07399991392
07784967445
07450293332
07397864022
01702526478
07711910500
01202720601
079873338266
07852365809
07985532158
07428664051
07986583729
07546892994
07746533399
07921464329
07511966106
07449989859
07951305538
07728285153
782477677
07910111228
07939217826
07525336671
07941445174
07941445174
07889851067
07854680296
07931481547
01404815556
07843432656
07494438781
078852363963
07843432656
07787259126
07453562192
07480796758
07905357841
07841466261
07801549406
07900478648
07971319742
07538484343
07435333896
07979914227
07971863051
07753801254
07919078157
07885517010
07879020767
07980213363
01258453327
07935101504
07967352418
07468855699
07799554455
07974188376
07974188376
01413168366
07588861453
01619482587
07812958852
01455841035
07725579503
07533774586
07760291485
07788405372
07816784362
07801062177
07804462684
07516665274
07552764531
07702099367
07851720202
07570400494
01892610418
07974973352
07715173719
888888888
07985792185
01923240141
01619647468
07572460534
07488385995
07732418117
552085910174
07913926702
07464415420
07479471438
07789115338
07814369122
07476414111
07887667388
01432769112
07740274785
07488380096
07961671774
07813251988
07892695072
07803614807
01732822300
01975641223
07545472693
07500810451
07801299796
07801299796
07488256157
07719279765
441709854996
07476105205
07947103328
01706649360
07967173080
07713345900
07967173080
07463595457
07970546550
01736761147
07999546837
07468527744
01535214893
07805223384
07900017046
07400003007
07831249612
07739267702
07769614215
07368518517
07962276781
07803370561
01903700331
07877017326
01915208352
07971193849
07748550023
07749712136
07583693480
07719799902
07749712136
07475113434
441636679218
07507857939
01207562011
07984944723
07765133759
07738732617
07795103439
07977211854
07799886254
441912370196
07963258741
07758272261
07936179447
07525053284
07775675248
07827759008
07789236635
01795537953
07798672399
07872311209
07799886254
07917105951
07554164327
07999730605
07507869211
07788896715
07799886254
07944432166
07455376635
0752314788
07849127094
07870366304
01752822379
07920137634
01473631227
07723536519
7775877436
07785360404
07835147228
07747090960
07989250475
07799260856
07311794369
07929358355
07883541674
01270661932
07933089085
01415639949
07860826392
01234752264
07787127795
07568340701
07860848513
07708736759
01202674619
07368559924
07731130923
8855566554
01948860081
07721493906
07989978220
01795421670
07541320915
07963919691
01977703017
07825155641
01244674592
07725959207
07887815520
01394200004
01245360434
07931443175
01388813562
07875675777
441209481065
07384547457
07749882682
07890305292
01362692060
07742183283
07875675777
0807532188
01388813562
07885758628
01619730162
07716407845
01273575294
07780647220
07917205406
07733126935
07825414032
07813644836
07817462929
07769550540
07814822834
07500594850
07825414032
07526460667
07907862715
01942635178
07368864121
0876824952
441227277297
07777123456
07403711175
01224647066
07982688501
07879818432
07756081737
07814322597
07824331962
07702636514
07881370608
07881370608
07722361394
07881370608
07821174442
07488253498
01754611379
07908418317
07519856702
07706043227
07811310589
07792489783
07708099722
07925351667
07851299181
07958797209
01995670704
1234567890
441214292909
07753991928
07958390064
07400252775
0102365858
07800760581
07496626166
07743053025
07583493014
01419424913
07752953180
0545290467
07423145888
0545290467
07899952928
07761138751
07909796852
07565098940
01698308134
07525178163
07808859335
07464968588
07920840566
07773225695
07595876848
07581180132
07717827518
07885234445
07733121570
07512901224
07933974936
07711792115
07771570575
07966410750
07446266575
07881656383
07982100668
07749662905
07802457937
07850761699
07721499948
07551814024
07899004066
07972034212
07504800518
07484874862
07976008561
07465426500
07504800518
07894551803
07894551803
01424434948
07387212351
07887509630
07895765544
07985178749
07930113280
07867558775
07917645609
07740179976
07824826130
07557950364
07808733747
07968905427
07540419905
07717674102
07968905427
07894510867
07538529399
07816418648
07851862138
07791119702
07730614042
07488300362
07962172506
07979203354
07940963038
07862723287
01215206310
07710488139
01355678743
0874307206
07833336607
07808830518
07850062246
07902761264
07795382571
01756704604
07494970404
07787421424
07478685061
07930903014
07896296884
07825440816
01264364308
07916259003
07917540428
01275316883
07710326926
07902427855
07585027454
07585003021
07715577494
87946458993
07535451436
07920838687
07879292174
07885863754
07866211557
02380549240
07534993122
07939171674
07956559877
07792797001
07920174727
07710709645
07950256745
07712763986
07793047082
07790466630
07984094391
07902805611
07946228788
07796000136
07400356478
07946228788
07400356478
07748805097
07875213977
07786035752
07720565894
442088982975
07575052212
07771935788
07702653809
0852255885
07886798961
07983114313
01452421074
07977490773
07802184768
07500897283
07791279472
07961748126
07941465715
07973897498
07961748126
07437735743
07702340547
07999331910
07737502926
07779895634
07810256947
07861883944
07534969987
07889170255
07799142077
441406478081
07713110692
01452421074
07890035279
01617470633
07766532892
01452421074
01452421074
07889561880
07949131017
07717826487
07816976676
07815585029
07511823719
07973243676
07904988327
07436883261
07515448688
07597837390
07707784117
01235411023
07962149128
07900565486
07894227760
07368625162
07912056116
07535542116
01656710386
07949131017
07540378487
6969969696
07725801333
07591910849
07554444787
07956204325
07807630770
0777796321
07846960780
07525816478
07890809333
07516550007
07870700717
07710726276
07969745533
07961051324
07836664009
07713764685
07584254620
07824627379
01977798721
07941047832
07375884654
07960364704
07973265978
07789267764
07872031392
07988085524
07769347764
07988085524
07917716472
07988085524
07974428058
07835467202
07800823584
07974387058
07854234407
07494054248
07979900500
01993851490
07932035797
07876555318
01993851490
07841744038
07801298696
07841744038
07801298696
07770752219
075153641573
07581354215
07475866662
07815146737
07512613135
07970259790
07884442233
07932378804
02891458676
07584048874
07970004285
07479546025
01342842596
07541358682
07990732190
07929562394
01241890923
07368400578
07543831192
07966603230
07718254422
07734663239
07434802858
07507852287
07881808877
07766806903
07590334671
07976032022
07855491418
07955108625
01256882751
07801427714
07960280255
01224647066
07776290757
07765862662
07931884927
07956925514
07973836481
01685359342
07479451936
07919522070
441506413911
07590334671
07488350557
07583178970
07990015081
07815966714
07764708205
07967164179
07963634339
07792125998
07909881659
01603279121
07767358997
07767358997
07780647220
07488253498
01514232202
07583493014
07891122648
07703441230
07400070989
07719799902
07719799902
01224647066
01324336689
07851322624
01132611041
07854986965
07856610993
07512009401
07733138254
07962172506
07522911491
07949563663
07717317550
07753991928
01342529571
07885209978
07796420385
01625265311
07970626624
01752219276
01264364308
07549993225
01905611963
441227277297
07816288599
07876525953
07888775177
04884056773
07562596223
07982246414
07791119702
0791119702
07860386424
02089244572
07713345900
07904382194
01332574518
07584670442
0133254518
01915866507
07989087317
07711582593
01635871944
07816418648
07816418648
07549993225
0167232955
446291203444
07858171044
07738525468
07540336006
01515212918
017738749105
1272883488
07879465041
07810256947
07913005539
07982417994
07795513376
07795817125
074150072590
441709209160
441709209160
07875278221
07875278221
07342128124
07951158320
01754611095
07748392693
07748392693
07860166932
07805223384
03621751248
07883541674
01912365819
07736870390
07584663600
07807038220
07751199790
07949822766
01613393146
07807936641
07743885816
01543324063
07917056060
07414839942
07568194838
07857078593
07762787591
07803308153
07771541508
014104238598
07772129485
07858332921
07824848991
07951479652
07813752878
07906469881
07968990619
01332360412
07491227006
0429239452
07384709788
07799010470
07948591720
07988102647
07580234645
01822832725
07787297771
07795397944
07895300095
441912370196
01795537953
01795537953
441252620708
07741857687
07908171852
01825760378
07789557474
07704473298
07546556200
01275853833
7964664609
01253864728
07403960277
07734463838
01842550919
07494418628
07920826661
07488362886
01244674592
07541957187
07805169882
07903949905
07825222215
07543846837
07595044025
07842194229
07877636085
07581033210
07809765243
07904955603
1234567890
07864635866
07960067276
07940560288
07950108686
07557917763
07507718929
07925318215
07752443670
01419424913
01772513434
07907901620
07760666081
7917570987
07902823232
07920863184
07903174476
07733138254
07752598784
07873505184
07535123430
07989122456
01527585321
07485440180
07754101603
07703278920
07840289850
07968654849
07711534744
07522628641
07950583149
07749796885
07754101603
07468524032
07854681238
01323656223
07743171959
07482308101
07743171959
01207562011
07899914654
07870628449
07843327718
07939098132
01623748914
01623748914
07944449641
07469248089
07768511096
07754884270
07472696196
07925188396
07400090631
07786966118
07768571664
01752779215
07732685969
01211234567
07764611094
07952145863
07760174324
07760174324
01226755615
07790457009
07883541674
07592088484
07837976307
07969321663
07758016020
01772725847
465923102789
07756289255
07756289255
07891510981
07713118999
07807038220
07754101603
0258063527
07763351997
01226219951
07462732175
07816418648
07515346060
07792523060
07922986144
07933347870
07815585029
07599294284
07895868381
07956510238
07734469666
07929358355
0794969910
07584247206
441406478081
07536943335
441406478081
441406478081
07791119702
01424434948
07885790197
07391514825
07721499948
0202123987563
07968740589
07894551803
078743287553
07874960817
07850915219
07894203966
07526564846
07842765715
07508667155
07590385332
01275316883
07807922695
07841680681
07958139137
01884257799
07856113600
07809364627
07842141545
07915058011
07915058011
07847061618
07724618881
07724618881
07974401908
07904058845
07585445486
07863634992
123456789
07565677159
01730815867
07831871376
02070070809
07749230803
01706641036
01303242426
01403253223
07736061250
07807838220
07968391575
07794080668
07796630048
07979804739
07743807770
07714646074
07488331287
07706555322
07757738797
07872954996
07976734480
07488278488
07883989919
07734995676
07989578456
07941009163
07774723185
01915293667
07765042481
07824516487
07796953352
07717576328
05485468644
07557535884
07809556391
07792125998
01268756259
07814231966
07787511217
07968274323
2303671234
07977211854
07877562330
07963634339
07905394808
07821692226
07429005118
7510218716
07581414152
07921770321
01789721209
07710226221
07846487527
07830023368
07803293232
07792416168
07830072779
07813875491
07876620035
07505586216
07949411008
07833681351
07452822116
07472625503
07973381573
07977013799
07926533166
01324832752
07795233499
07415020423
07796942380
07772109623
01617023882
07846635167
07780647220
07919114945
07426742138
07590721536
07400070989
07855415509
07465956887
01443474201
07812160164
07946409580
07403911115
01443474201
07971189475
07851958387
07835554708
07505283695
07976237125
07557507153
07929354460
07976008561
07593137556
7972712251
07818883735
07749228279
07886105563
07864681365
07846752502
07762288983
07837687803
07816228573
07966631408
07867490746
07966631408
07966631408
2555806635588
07710416687
07960870198
07545097574
07884288555
01908330958
441227265839
441227265839
07443332283
01492871279
07790237697
07799010470
07743385426
07588752409
07846219500
01592372520
07846643016
07368239340
07743422626
07973381604
07387158544
07869512503
07796262567
07522294861
07854869774
07588451123
01905340050
07808675535
07977181412
07940658024
07578766345
07930285737
07590845807
01566785198
07763461064
07817061696
07919521325
2234567890
07308814848
01480456617
07769116770
07863634992
07714788595
07715702367
07947030867
07711917111
01255688221
07463919580
07828696730
07892711535
01661871616
07908061926
07890935203
07583801005
07762655343
07973577149
07973577149
07736310052
07749925465
01912289329
01730815867
07706843711
07706843711
07802212190
07853985007
07983510697
999999999999
07841614677
07391510558
07775833700
07793667278
1159202063
07812543208
07807283098
07786913021
07913302305
07976880472
02083931933
07887366899
07776167062
01467624774
07899801812
07985149536
07456709807
07968448559
07838402220
01273891177
07557917763
07984190555
07740949087
01702482335
07903733886
07738753160
07862725495
07701010182
07976301965
07799883074
07854680296
07531602718
07985538206
07902823232
07521970739
07831416168
07792732206
07528139523
07949584032
07714443361
07943141816
07790941758
07763351997
07748551966
07948351048
07984990912
07976912948
07792922396
07703278920
07525262077
02380327869
07976294979
07712763986
07796000136
07855658854
07932533319
07711999344
01977683107
07790300007
07980213363
07585414505
07976032022
07525178163
01483421548
07721499948
07775795957
07979864186
07542665007
07517740682
2303671234
07977211854
07944645428
07725417896
07460483121
01268814728
07824975284
07926027176
0696969696969
01519366847
07788150050
07788150050
07936492012
07879840746
07562596223
07840731921
07977107496
07949121530
07852991223
07810256947
07810256947
02392599615
07884348045
01933357072
0123456786
07852123125
5123668523
07947788785
07474904404
07754189849
07976646248
07856610993
0284561234
07951100542
01342529517
07979804739
07527352565
085730941333
3131313131
07695321856
4196304540
010101010101
7068364700
5196089215
7074650000
8479754923
3056809977
3122174727
0659556728
0412519333
21987473956
7742741688
17205865174
07876277104
14086050913
07539198638
07789315888
07766310298
01553631708
01209820583
07890489612
07939382315
07368491864
01268814728
01234234567
07919936219
01228712970
441252843053
07397962128
07484115974
01538423422
07787357046
07803251661
07491452843
07712675375
07548759444
07982028107
07368453397
07070712340
0645110874
078545215858
078150168822
07696969690
07368434020
07963481486
07504819654
07969142023
07823885846
01239614602
2565232696
01407810642
07913005539
01652441258
6024639344
9563359548
07740109677
07946760723
3184039292
7249980055
8176835469
9413759950
01625526145
12345678910
07947826235
6155009003
3038597360
661400062
3167060145
7017392446
1234545678
01304373789
9163086860
5054128015
3602232076
42069911666
01536724368
8596351755
6969696996
6812091709
3616889182
6056300007
6128397361
6192529170
5862984051
8312393447
2038721973
5525000912
2425570883
01329832890
01329832890
07783022259
07779837785
07871957194
07368807709
6024639344
6672181394
7858394241
2156679500
01270256337
5176054334
6017207227
8057293829
02902036703
6182184170
1111111111
02476695826
5074935532
07465264526
8283841547
8282084147
8282084147
07710684509
9512365738
7039877121
2036099161
8067897408
4349751605
12109995407
7068473855
7068473855
5053079822
8173053185
6822174622
01733230381
8652281355
07772420737
2487224665
4156010340
9363484920
3128068195
0895610348494
9713228795
07939022294
2183344442
02890369039
5152909999
4806509311
5042953015
9405070107
3185870576
4197893646
4848091199
9405070107
07881781413
9807775068
8653336327
07718234682
07756940129
02380198229
7568063254
07443470216
07912875943
07702099367
04852387815
07798853524
07544221404
07368259837
07725979559
07749662905
07989978220
07311794369
01323470367
07984944723
07811765005
07811765005
07359125171
07505134740
0874307206
07931443175
07976646248
07881808877
07734463838
07754101603
07725210626
07754101603
07958390064
01202488243
07912883594
07971193849
07852991223
4047546172
07944800393
441159202063
01872225140
07807320113
07970709199
07951895423
3188058000
07743807770
07882784086
01212942820
07834764164
0410861116
07539118627
07906469881
07906469881
01492531460
07919301965
07775353118
07592160720
07990752622
07880532331
07880532331
01977703017
96318467115
07745685327
07887866337
07702672532
07887862448
6304840528
07377929682
07746988805
01264364308
07796000136
07711117225
01269841310
9377502112
07790325320
441501770911
441501770911
07792278545
01827893164
07833710429
07882659807
07951158320
485944657767
07807939192
07813251988
01284789504
01278426265
01279445609
441273514824
01977703017
07799010470
07799010470
07825166979
01823330932
07968352006
07963634339
07763556477
07763556477
07763556477
01316658078
01269841310
55656555646
5555855645
07498668186
07724931809
01246855724
07791982240
07802737266
07787357046
441214272750
01226281222
07460483121
07549691993
7368137449
123456789
0167023882
7074988280
07581391534
01202601917
07841161201
07939022294
07769901154
07801025713
07766423883
08973128937
01702526478
07891510981
07377929682
07833854922
07720946978
07989367135
07403127427
07960312888
07767488488
01875870541
07368160428
07967933602
02084289109
07831201934
01202894318
07427651449
07799010470
07971255517
07522943000
07944329164
07879473213
07984686879
442392781445
01633277900
07376945797
07564652229
07766724216
01600649646
07792945301
01580763745
01580763745
07786082587
02083936129
01614774782
07748558514
07748558514
07748558514
01793849907
07743171959
81528653984
07887916823
01614286544
01614286544
07747684118
07572919986
07748558514
07748558514
07725030477
01501820137
07890082393
07825840936
07500418891
07879678572
07715810101
441684302828
07548689808
01946443776
07920015341
07306134004
0756487698
07960948853
07818851989
07854070105
07926086464
07800760581
07746095113
01495312853
07949101819
07904058845
01661871322
0852535444
07766236326
07888820775
07542498995
07564539365
07895588089
01909304892
07787127795
07904875227
07701013304
07368341241
07904086009
07914750774
07988658187
07960832608
07736807225
07779711488
07533276418
07515377267
01782920335
07816523711
01915860518
0852963174
01915860518
07711100084
07533934271
07960832698
01323764418
07532080383
07533213400
07774716831
07484716815
07578354753
07983510697
01908267099
07720274720
07950108686
07925058977
01993891812
999999999
07940560288
07960258185
07383242011
07543957443
07958903908
097658794623
07894808201
01612249576
0217218000
085730941333
2342342342
7205865174
9494944495
3222734028
089656415327
1111111111
12256128602
1111111111
12256128602
12256128602
12256128602
111112112
085730941332
0454646464
950631014
6969696969
9677544322
1245788956
3454363476
9894809626
0828522743
07548946907
07365146569
61432363025
07781158461
0412293749
0412293749
0035799557203
01299402040
0035799557203
01226766588
07947749715
34623392688
34623392688
01788570858
34634360600
07831697120
1234567890
07821904206
24145134513
9876543210
082174040719
4045520143
3157975523
2000000000
07753646893
6462450569
07753646893
7865615756
07808088792
6063058829
2512275705
07341669143
9053758706
4043090637
9102846504
9102846504
4043090637
0774538521
3609228195
3609228195
4167313226
447449753129
07527960645
07920529410
7064902023
7064902023
07933098704
07446989746
2544104760
07446989746
7862814480
2514104760
07951331270
07921116860
07700351212
07388053935
01284663266
652502477
07828774442
07535364588
2532981504
07890724338
07538965196
7169462770
7169462770
07855147020
07467264262
4234588137
4234588137
4234588137
4234588137
4234588137
0240612304
015730850653
015222728133
9373369370
017930487088
015755781206
9492789181
2283554001
07502933669
2568419704
5308633113
2083132113
6628828014
9178410972
9899710939
07989608909
1669013608
1669013608
231123213
321231123
1669013608
2222222222
11199922293
11199922293