44171349820
44085730941333
4440000000000
440895610348494
447329848618
440508851664
446285730941333
44161349820
441234566777
440964654564
443339490681
445174356379
4414047546172
444015456706
446628744121
446124626474
449089386217
445202974816
448179295811
447256663329
4413526240339
445703983561
442672438759
443307275102
446789276451
448106358137
447077251616
446182432045
444405213669
446318387596
444026890226
443472771805
445025587874
446304840528
448102526410
447409787855
446013988246
448134709942
444238376707
446316825027
446505788474
446176409671
442542457379
445044002164
443182298772
447063394275
4407501612051
447189743618
4415043805231
440571718401
448178930875
446018420865
448308575007
448602020979
442042985848
440428938654
4407742703945
445175435858
4401044256938
4407955610842
4407565777855
440793778350
447147775564
4401740651577
448016946074
440041793209110
4407703962674
447132044949
4401332727541
4407956440255
446179599540
444163126866
444198859280
444083902274
447733314467
444063149846
44234567899
441234567890
44345678904
442705908401
448622060673
4407947934116
446124185610
449513495042
443345254632
4407967008482
4407856392654
4407941044552
4401706370246
4407938327003
44019020261806
4401226281222
4407756874282
4401273775613
442164541182
4407712141567
4407732832833
447708662791
4407704023316
4401495311591
4407747387369
447896760772
444024444242
4407732321413
4407555102305
448005551212
444233643582
4407939972522
4407909447495
4407983440358
4407867929968
4401202951341
4407557344513
4407984328217
4407951844776
4407527414369
4407714646074
4407908546143
4407749717870
4407825324131
4407841347300
4407799464161
4407449768007
4407776230508
4407721053762
4407765860167
4407500061940
4407850771425
4407824637710
4407736061250
4407944800393
4401293784390
4407412472033
4407834420582
4407970656393
4407565024789
44447480938204
4407368342630
4407732896844
4407505356102
4407789841570
4407388024605
4407591520354
4407891864223
4407827440833
4407951523333
447736353726
4407828993211
4407947070823
4407800927489
4407789454322
4407908587497
4407776237802
4407577398502
4407903161348
4407880435398
4407557684410
4407708180407
4401293530577
4407730602680
4407776099223
4407538941985
4407411438900
4407834363577
4407584427885
4401205355729
4401515235814
4401625876042
4407816988552
4407876745166
4407828283388
4418062563105
4407921210655
4407917346087
4407891873271
4407717572158
4407988017684
447739953755
4407979243868
4407503066377
4407966445107
4401373834098
4401460351699
4407843364281
4407590024714
4407765404801
4401208841115
4401480496330
4407539501908
4401453843919
4407972689212
4407872954996
4407401210883
4407393341588
4407472877492
4407982757960
4407815897299
4407720608843
4407946628298
4401375387283
4407928639030
4409761132257
4407747635266
4407792133516
4407788414954
4401962880718
4401211234567
4407759275766
4401856771844
4407950830480
4407939449987
4407973446054
4407590715699
4401304825167
4407821647026
4407979804739
4407511492936
4401493731311
4407538137064
4407568173412
4407800754772
4407956615911
4407917224363
443069419988
4407866160869
4407437003085
4407722883761
4407765694667
4407931527411
447455212113
4407450892739
4407468523220
4407795290593
4407426810421
4407753338025
4407999563788
4407859298829
4407449532229
4407968122663
4407765881494
4407821204499
4401924401245
4407743807770
443606001492
4407739343452
4407973171390
4417147184656
443369826084
4407971612889
4407460033533
4407787568582
4407749830040
4407917344551
4407912763108
4407958486883
4407973285538
4407795085199
4407868422188
4407703656488
4407864979690
4407706437484
4407817416670
4407881580371
4407754173835
4407908146345
4407776324824
4407496089942
443368461885
4407803399590
4407930245300
4407970709199
4407710403235
4407747747263
4407850689531
4407932830937
4407800547471
4401442397125
4407572180970
4407963466831
4407725040412
4407763103476
4407836783557
4407730378661
4407585139085
4407830072779
4401326562079
4407738618503
4407988612125
4407771347383
4407817117995
4402083401746
4407903044106
4401782059774
4407588438236
4407883008284
44318129667
4407494737809
4407702559225
4407777619150
4407522509283
4407792073211
4401492531460
4407917702749
4401179664129
4407708200162
4401273422084
4407881508458
4401619152650
4407531732436
4407979426529
4407919975585
4407866408437
4407368215330
4407887542012
4407949411008
4401234713381
4401709377289
4407980952584
4407762255612
4407968352006
4407718627932
4407779230813
4407712446577
4407525128170
4407950563950
4407545388695
4407988637387
4407766326843
4407759083448
4407901832768
447824881788
4407939364778
4407986649501
4407887862448
4407793452218
4407775943133
4407843538830
4407719882614
4407811746708
4407742111094
4407817583119
44250942683
4407905287575
4402089523708
4407904960597
4407810873379
4407984918543
4407920851175
4407464824861
449896742546
4407936883347
4407974210125
4407760188087
4407513906769
4407749817896
4407468539498
4407826484947
4407719782802
4407933005521
4407967317313
4401900606994
4407920775399
4407748682419
4401895271798
4407456528853
4407446967291
4407977798241
4407515515734
4407701392782
4401202894318
4407747835404
4407774994572
4407879772293
4407540419721
4407494102866
4407980639196
4407929904705
4402089078048
4407510313290
4407483806930
4407464826861
4407777777777
4407808156322
4407510329607
448283222580
4407894345666
4407725791688
4407783070145
4407742605726
4407763320147
4407910032910
4407710576520
4407967136532
4407929839344
4407821928244
4407969774860
4407817364085
4407553906900
4401785660853
4407960121781
4401278324718
4407974044980
4407766764731
4407897484879
4407843820784
4407949830558
444407811604787
4407446988321
4407833348612
4407886912512
4407795174668
4407870160371
4407920887699
4407909902284
4407979220012
4407989985987
4407969133139
4407825584824
4407768571664
4407710664600
4407939112783
4407800523224
4401429277879
4407387832673
447947819691
440740391115
4407711197455
4407794313238
4407810102071
4407588039696
4407958160937
4407878078348
444407491935738
4407825599327
4407974442914
4407940215786
4407851958387
4407891545041
4407547901234
4407795034345
4407817512120
4407917508650
4407792905702
4407727019244
4407557343738
4401925502163
4407939001435
4407590061952
4401633833821
4407902607080
4407973150235
447745800663
4407967156628
4407795022910
4407841126485
4407836328788
4407368255697
4407830366886
4407788260926
4407954138561
4407949729049
4407846040163
4407940950528
4401964603317
4407854719670
4407980191754
4407856421561
4407881414648
4407967076438
4407831583902
4407951895423
4401381620117
4407747618901
4407388772471
4407595447427
4407598279985
4407753259361
4407885518635
4407544708490
4407746438108
4407951330961
4408742111365
4407800816900
4407740182649
4407732855452
4407733262723
4407402869712
4407974229562
4407763944012
4407969212478
4407711089691
4407396548885
4401417712964
4402088701803
4407970351454
4407450052890
4407931424488
4407740046936
4407522294861
4407582575912
4407747889623
4407971150952
4401480476752
445548554122
4407899962771
440410861116
440779676766
4407917845540
4407825659795
4407585119102
4407581461476
4407973204295
4407732746954
4407788942655
4407775332349
4407817787049
4407411589280
4402074506245
4401403264457
4407595006377
4407891190462
4401213531360
4407985434377
4401224480930
4407498571808
4407764611094
4407502225575
4401606833641
4407505394755
4401254760467
4407879222573
4407428565704
4401656746037
4407732718220
4407564425367
4401702714385
44492942839001
4401616827542
4407795248851
440215502256
4407771832200
4407402563063
4401245351686
4407948980228
4407920423737
4407737210138
4407703105287
4407889170255
4407935869789
4407825349618
4407584127810
4407950380439
4407535864651
4407922423231
4407901835104
4407791059584
4407875375453
4407989596650
4407769201603
4407860610037
4407817061881
4401928563297
4407917573631
4407712144504
4401213086708
4407741202314
4407824426975
4407956552283
4407968360667
4407593642124
4407803522500
4407950936118
4407730700805
4407767013407
4407969375038
4407984395112
4407917355272
4407525020077
4407712484304
4407872626604
4407950992616
4401226385064
4407826469350
4407778267698
4407891805191
4407912257012
4407786035752
4407566211110
4407976975822
4401415541791
4407761803195
4407762519943
4407734352434
4407470877698
440197972227241
4401418846944
4401664560643
447969330512
4407530127610
4407773005070
4401202940656
4407958777215
4407889545710
4407955494731
4407714417577
4407481991650
4404980951184
4407455299071
4407990526257
4407402805366
4407859012678
4407849968468
4407753608590
4407800561102
4407877389894
4407787425380
4407810005969
4407903833073
4407545255598
4407871049918
4407584971839
4407926033666
4407808149111
4407970427544
4407773402508
443368777511
448288984603
4407850384102
4407870893379
4407784132440
4407729851261
4407795956395
4407411304146
4407738687904
4407546898317
4407809673518
4407715676656
4407854953192
4407921615570
4407759490054
4407534433860
4407999420592
4407414650447
4401780756505
4407964389772
4407545333408
4407872164963
4407792474540
4407709700020
4407775953526
4407912058988
445558769989
44122345788
4407969077674
4407450388557
4407709130146
4407824395734
4407880438794
4407754235110
4407883142181
4407917619144
4407725009390
4401382668368
4407877871954
4407817170586
4407875486787
4407516550007
4401394271959
4407889896748
4407857651318
4407462123859
4407841672736
4407866742398
4407795088085
4407713322004
4407734267681
4407850373814
4407973568008
4407790905359
4407383083435
4407973481362
4407814038768
4407783435625
4407725976766
4407795958883
4407470298640
4407926842241
4407851855198
447703105716
4407813766521
4407956399455
4407712159129
4407590529610
4407931278370
4407990820871
4407496727315
4407833449396
4407793461978
4401268743312
4407956712616
4407305916027
4402476612447
4407944502239
4407917033263
4407734151154
4407771722086
447583780925
4407947157740
4407903897642
4401744753992
4407825924527
4407765108012
4407772515913
4407724296195
4407969435233
4407709341319
4401706521017
4407809423523
4401642815255
4407780798876
4407710235506
4407709969299
4407899844730
4401698816805
448035196364
4407815146342
4407795606926
4407539118627
4407713702103
4407891510891
4407761964095
4407733344795
4407710809499
4401132826908
4407931094099
4401387267087
4407584651337
4407884443938
4407497431573
4407498329938
4407855946536
4407717262123
44259819395
4407789243400
4407719288308
4407957366884
4407867924681
4407733031558
4407772630654
4407990514057
4407341958922
4407957549551
4407775905067
4407958528374
4402893364934
4407828800755
4407790860118
4407870787444
4407765584391
4407854117287
4407837351985
4407706071310
4407825173443
4407805296363
4407759544627
4407961222125
442342423423
4407786858362
4401823350112
4401287633199
4401903739596
4407718311205
4407791758232
4407769661603
4407523269095
4407377378038
4407864781988
4407585714699
4407866832718
4407900216292
4407402024928
4407876400293
4407739316150
4407710166942
44442476757688
4407749008972
4407824514457
4407543595993
4407847279910
4401695623163
4407445260206
4401642982433
4407912847462
4407722096084
4407500929121
4407885647254
4407527065368
4407870497593
4407828045262
4407889561880
440190062999
4407970655916
4407896536888
4407368395744
4401253778367
4401253862540
4407843850000
4407732848698
4407737518183
4407772861416
4407914081937
4407870971598
4401454601530
4407733360213
4407714583794
4407811950848
4407970657591
4407868170820
4407933347870
4407872160332
4407545269525
4407478738628
4407734324082
4407896604967
4407932389780
4401354655985
4401327872318
4407889460186
4407974748905
4407775927064
4407590907595
4401376341947
4407572029132
4407481840581
4401539721642
4407821877747
4407715285024
4407894964424
4407722520357
4407544817987
4407796262567
4407803164917
4407748142366
4407488378659
4407702237797
4407917207953
4407824336322
4407780432734
4407766250012
4407772505894
4407748403721
4407956585804
4401624837031
4407970218813
4407973742180
4407828441941
4407500039262
4407506631395
4407850120232
4407909205441
4407568380721
4401942204878
4407876450669
4407899279842
4407799458437
4407786230563
4401582760945
4407836742944
4407805150370
4407734461971
4401764662307
4407842780934
4407796317882
4407702410450
4407941188975
4407786244361
4401417777119
4407887886851
4407818630190
4407798885005
441800463266
4407810482891
4407340559921
4407368400487
4407775581513
4407841744038
4407905788669
4407842060886
4407871669578
4401933272676
4407899000040
4407470998971
4407739557106
4407392309936
4407398228704
4401912679382
4407966189442
4407951033228
4407867452874
4407971804837
4407412604992
4407944415304
4407970872713
4407764303142
4407718061122
4407772246677
4401277212698
4407562189777
4407450235100
4407711247719
4401484432648
4407719955083
4407753443351
4407511539357
4407827959736
4407802784781
4407850969980
4401430441204
4407577691476
4407903895440
4407833643290
4407980336431
4401506591719
4407790276754
4407957989564
4407443334144
4407729126394
4401983551891
4407793950476
4407787830374
4407957099717
4407917730618
4407824453869
4407584658891
447737626124
447851072602
4401772433007
4407377554396
4407747143983
4407685236521
4407740119077
4407825295314
4407933750491
4401252266931
4407434802858
4407747621422
4407745776623
4401236428388
4401384594209
4407983996148
4407977847233
4407765233674
4401513399040
4407855503470
4407771387279
4407810447278
4407513431791
4407747017460
4407778150019
4407801074017
4407368471384
4407962261560
4407940743945
4407715670215
4407976479164
4407853721947
4407765240390
4407725745676
4407855835995
4401928560731
4407899927748
4407368400210
4407802377931
4401343551013
4407557731460
4407949042881
4401786464543
4407527994683
4407572658466
4407538723950
4407866392479
4407821574547
4407904974636
4407496828899
4407918489335
4401457866072
4407450292962
4407738408351
4401525375570
4407921711393
4407770468766
4407787555948
4407811007403
4407738787236
4407815041762
4407921388732
440781858932
4407825323009
4407798662903
4407903875751
4407703790719
4407557764642
4401494445144
4401916596027
447947005002
4407501029496
4407758515401
4407725816621
4407487757606
4407802675709
4412345678912
4407593792072
4407809750195
4407510667646
4407943315235
4407766005084
4401483493193
4407590028899
4407703577657
4407557336707
4407771309179
4407787551178
4407534248632
4407931535640
4407921521361
4407850405652
4401416397526
4407545151523
4407971350787
4407813626189
4407796102330
4407901720889
4407894201941
4407534001288
4407922364573
4407419927425
4407882407261
4407879668930
4407887815520
447812905963
4407962391170
4407867602290
4407817933026
4407735093649
4407899061575
4407904157509
4407821127602
4407971753086
4407414793203
4407488330134
4407702085598
4407847325235
4407788831809
4407738612127
4407775334872
4407877222194
4407703711970
4407766835251
4407967677111
4407388018337
4407715995252
4407742978128
4407752522564
4407837960044
4407557764081
4407907214086
4407946438117
4407950529938
4407552666989
4407915649733
4407711246255
4407799841426
4407870269321
4407832931116
440800505050
4407557223156
4401912524863
4407813891877
4407812033830
44441912524863
4407928774202
4407798554004
4408855213399
4407877367732
4401822612627
4407866653989
4407756871380
4407468491886
4407915654916
4407738442181
4407423141858
4407903258796
4407870370326
4407789986102
4407716350067
4407714875959
4407917190951
4407726420204
4407495698629
4407919470558
4407561102900
4407919301965
4407769806640
4407802781739
4407736300559
4407710152716
4407825409251
4407450998421
4401771637927
4407756601482
4407792127952
4407769325824
447722299102
4407904121082
4407788663031
4407799260807
4407735505513
4402380555966
4407525808608
4407876591101
4401892662342
4407950903637
4407793767454
4407976766484
4407793035448
4401244520927
4407956417936
4407815284964
4401623620095
4407843326564
4407910839963
4407769291416
4407388498375
4407866623420
4407909957378
4407786659777
4407881984246
4407757269160
4401202524971
4407920771220
4401633277900
4407739913842
4407931363367
4407949143803
4407696969699
4407879403436
4401290422017
4407962099542
4407795167630
4407747101307
4407949027438
4407920024750
4407715390880
4407123564628
4407852116865
4407720541491
4407936364470
4407500906682
4407800557414
4401843585939
4401362857976
4407796334143
4407989224994
4407896756705
4407443453932
4407976894832
4401946814138
4407907862715
4407766913907
441234567898
446666666666
4407702847488
4407891516870
4407850915094
4407843101871
4407967633498
4407771528856
4407805246625
4407828529607
4407939920072
440755705827
4407208155950
4407830485619
4407930963500
4407985310720
4407984668460
4407743862990
4407889022832
4407714380525
4407769862076
4401909472354
4407766142012
4407770731800
4407716646786
4407931390252
4407879640813
4407966166719
4407855762311
4407711523610
4407899916168
4407941144774
4407545123299
4407810683586
447069231357
4407862717304
4407530907820
4407854582259
4407947890580
4407766313256
4407894064342
4407415653588
4407860806140
4407828834306
4407907321153
4407795385675
4407833673590
4401684562702
4407798656678
4407584257039
4407957911334
4407926093345
4407826849721
4407757763806
4407725340979
4407547688437
4407446251637
4407835373624
4407787297771
4407947791000
4407973962021
4407870462813
4407508309136
4407502211347
4407776146071
4407445387113
4407901846742
4407861391174
4407771674196
4407517977537
4407717466959
4407810361911
4407825554860
4407592214948
4407585508449
4407951956465
447802861619
4407834545557
4407817709660
4407864293939
4407542840941
4407449759921
4401189864855
4407830461925
4407972187519
4407725027130
4407907933640
4407887804777
4407557102242
4407826065617
4407585004349
4407854406551
4407990801319
4407903845869
4407711236979
447985215497
4407427657942
4407789741411
4407906669940
4407796945391
4407795471145
4407538326404
4401738622625
4407511599647
4496827322868
4407342982729
4401904702998
4407828232890
4407739404578
4407887640130
4407946340640
4407933277792
4407881370608
4407733262970
4407813452472
4407712540088
4407788413683
4407882618358
4407817891517
4407488269666
4407966202865
4407711782947
4407599223759
4407805569322
44441277653819
4407956320812
4407951940910
4407790321511
4407817746736
4407792297278
4401225680912
4407531355096
4407748196750
4407577635615
4407740847174
4407850515095
4407921571431
4407824903505
4407703379546
4407444558264
4407857010842
4407856561217
4401594824804
4407540930492
4407500873691
4407715434549
4407780457203
4407708968938
4407572539650
4401473691975
4407590506057
4407712572596
4407821824998
4407703295349
4487592721468
4407796943330
4407793838404
4407775353118
4407798600410
4407712295957
4407702794109
4407969626223
4407516714769
4407890268347
4407787558392
4401616223759
440163549728
4407920144444
4407841987228
4407958444376
4401656661743
4401204380396
4407982610535
4407368153796
4407748018420
4407540488661
4407808888806
4401142589112
4407817773921
4407487880461
4407751219254
4407901918593
4407947660086
4407904063014
4407973272099
4407794587178
4407946380779
4407377410228
4407852174232
4407810406113
4407875555843
4407789934177
4407867318561
4407956386095
4407973787454
4407818599403
4407507887470
4407826557530
4407546721456
4407539793288
4407790694063
4407928612413
4407742891099
4407714276449
4407380667717
44123456789
4407833225942
4407447948689
4407713670667
4407775727765
4407795124327
4407826556658
4407816007559
4407584863168
4407494448840
4401204561914
4407950719753
4407305362136
4407702636514
4407768483121
4407780994241
44456924944147
4407761441324
4407954671454
4407884242006
4407710163064
4407858789553
4407568558647
4407880776612
4407833764146
4407970212113
440122479559
4407849079900
4407903130044
4407910174156
4407823334532
4407940256480
4407725098783
4407871244202
44792527371
4407799234412
4401934518638
4407906403670
4407716338599
4407842585559
4407977440161
4407827321959
4407980547068
4407592721468
4407548275169
4407999830261
4407807038220
4407769730946
4407807048762
4407588010202
4407931132877
440747963966
4407597810889
4407737409030
4407734359624
4407805738974
4401924823910
4407887840050
4407984457591
4407867770421
4407930394622
4407871853908
4407734866814
4407810300973
4407528205601
4407825648337
4407732631104
4407985419035
4407366644136
4407544521216
4407984549468
4407725055773
4407827964859
4402083984626
4407837642313
4407944154148
4401142886872
4401217882790
4407944040403
4407896022558
4407787545759
4407930669569
4407734452385
4401580761661
4407983471999
4407792912508
4407748984462
4407718912779
4407415608454
4401977706248
4407514042069
4401293535275
4401424258759
4407828881711
4407967460839
4407889075902
4407920463280
4407766285315
4407552937354
4401805439319
4407846136287
4407799773492
4407720438606
4407530955002
4407975714867
4407546933252
4401968674665
4402089797898
44770801290
4407910624618
4407900851837
4407549262772
4407884446522
4407340766855
4407810447771
4407818963839
4407785988222
4407791982240
4407400522233
4407703737786
4407824409053
4407714215445
4407709291578
4407973849620
4407872444156
4407715489689
440195662529
4407834826744
4407761134936
4407908035120
4407730580317
4401993709041
4401304212963
4407795568488
44442891466151
4407876572590
4407759293443
4407494459252
4407939487025
4407884318449
4401695422519
4407906387309
4407493868894
4407960346891
4407909681438
4407825611169
4407710440317
4401273476462
4407912202425
4407468475556
4407980741264
4407983506049
4407513020476
4407984434388
4401914883835
4402890776400
4407570802328
4407472614680
4401244815661
4401287677163
449353328752
444342933883
4407969007012
4407907519038
449172728292
447723579092
443127231130
443147450433
445402718129
443174308045
4412319070167
442178271939
446174370748
449165395499
447816092234
4407415570249
449202143125
446072459070
442034318412
446514882923
444843745260
4415106605009
447815616986
443092300279
447324846485
4407714004841
4407234782263
4407825518042
4407778262356
4407802706849
4407906105180
4407940050017
442024137271
4401208850767
4401959523243
4407842579191
446174806518
4401772252361
4407926580461
442403531307
446143789318
4407762151843
445027514088
443236969696
4407666666666
449197305861
446319748401
444079209641
442035060124
4407722589024
443346725719
449789600202
443612262289
445105017542
444081523665
445149999347
4407496202369
448185174480
444013653904
448329784920
445075141829
445705168692
449567544487
446314138870
4407368686613
44832470154
449126779723
444096702679
442173587612
447403598599
449045471058
4401159442696
4402089042422
4407596091736
443258126056
444103251336
446467631900
443154370452
4407415173115
4407479550355
4407478372425
447813350027
4407961938200
4401743884328
443369778332
448284571252
4401708472280
447394522329
4407394522329
4407929034757
4407596366441
4407759633180
4401423339884
4407536087786
4407970821914
4407984489410
4407949622772
4407743045640
44441758720054
4407747650722
4407971380909
4401582931838
4401786358726
4407821376528
4407775548364
4407443643468
4401389751279
4407790579350
440120876242
4407909513335
4407795817125
4407908359761
4407384242879
4407508717672
4407803561999
4407873363886
4407827014907
4407736046840
4407368340419
4407894339862
4407908006838
4407748001857
4407980867009
4407970673682
4407368320990
4407974413659
4407770417090
4407549950991
4407368341241
4401916823906
4407428662024
4407496504671
4407427653135
4407795230433
4407733045458
4407950449906
4444773093975
4407976125075
4407742113564
4407506273871
4407876342025
4407957213871
4407732495209
4407935825893
4402392478874
4407877910416
4407754398369
4407523889647
4407802682646
4401302949104
4407824766203
4407517027322
4407590536689
4407921563528
4407789402483
4407538940811
4407807511413
440920540499
4407989236639
4407368227289
4407958124285
4407879180559
4401604843248
4407747370043
4401633214713
4407708938626
4401515268334
4407816825311
4401983854534
4407715604054
4407938801265
4407711534744
4407881783785
4407837722149
4407542834886
4407825514292
44079966097020
4407881495416
4407712583731
4407388562401
4401776853546
4407786223660
4401344482585
4407394565144
4407730325633
4407919656066
4401512282475
4407989754101
44208452452
4407410899266
4407766496165
4407956149615
4401912687093
4407974478797
4402920869559
4407919429252
4407513656277
4407599720457
4407414809751
4407887693678
4407534274780
4407903307480
4407503183469
4407584023411
4401213275424
4407508001123
4401246855724
4401383419403
4407904678161
4407948717438
4407477647215
4407535654770
4407730784604
4407713846223
4407917033145
4401425276346
4407938810958
4407544391811
4407966029461
4407771871468
4407881661416
4407956167798
4407585951270
4407708692571
4407961204876
4407504212210
4401322524884
4407368185352
4407831500439
4407949347061
4402476316472
4407853278159
4407756729610
4401530458395
4407456501600
4407892711535
4407872344795
4407503153686
4407961074234
4401928580824
443368774144
4407378422188
4407710077700
4407852315504
4407746556799
4407710824091
4407966157988
4407919524386
4407803825720
4407368654583
4407525788519
4407968491408
4402820768138
4407460092270
4407847251088
4407804891138
4407707843947
4407368530866
4407796566206
4418313383023
4407818897823
4407956202051
4407989470234
4407768305521
4407716109411
4407751111191
4407721990088
4407811283166
4407487641601
4407875906593
4407769297789
4407841430886
4407791629297
4407876338682
4407956110008
4407880173073
4407545682170
4407872890118
4407588822776
4407774716831
4407463884029
4407426032445
44017844388186
4407754101673
4407752798996
4407866842208
4407814028687
4407866016781
4407979323358
4407940734411
4407989751826
4407769274064
4401706414157
4402083841806
4407973837131
4407780471404
44441291431580
4407713785612
4407534643266
4407866345044
4407487713901
4407738932971
4407758081830
4407947127658
4407917412802
4407796198689
4407787297097
4407971661409
4407855556901
4407469855402
4407746988805
4407485125569
4407539351185
4407788723456
4407833207293
4407975731603
4407894524155
4407798671976
4401355678166
4407880532331
4407772243953
4407901997591
4407815145383
4407708373843
4407703734897
4407842721075
4407548918911
4401501770911
4407714664356
4407858171044
4407738374138
4407562779561
4407793707182
4407979026278
4407809156454
4407469237327
4407591027877
4407798586544
4407783434166
4407758761359
4407469739924
4407517992357
4407927378219
4407377679718
4407751302019
44441843220816
4407858787733
4401527273113
4407411241025
4407805837325
4401395224308
4401424713299
4407961663834
4407877418402
4401784210967
4407786372955
4407799306800
4407837947855
4407772516835
4401506430922
4407717492661
4401519365142
4407702523039
4487764560830
4401440421277
4407517895082
4407469943220
440780424034
4407718918433
44441501770911
4401245468470
440182755101
4407763215533
4401324553653
445434582305
4407910853939
4407305991398
4407930138801
4407817617997
4407711855971
4407746533399
4407811452885
4407812144719
4407521747727
4407765277147
4407800531873
4407802742451
4401616204793
4401159441490
4407849148242
4407455141455
4407760398994
4407795992576
4407966022225
4407947118411
4401142640717
4407949212346
4407544795150
4407712874855
4407853022441
4407548101551
4407973443622
4401942255176
4401603415679
44441603415679
4407769774476
4401912365819
44441453450840
4407493791402
4407762424928
4407515278852
44441202694563
4407375114901
4407713488024
4407789131357
4407732570913
4407848802551
4407841598882
4407860553151
4407940317174
4407866521921
4404946877921
4407775095906
4407760738234
4407943652905
4407866630622
4407799365607
4407540573474
4407729791436
4407596713467
4407964607145
444079536692
4407958152424
44441495723242
448289645102
4407856878911
4401443813326
4407799805540
4407857330231
4407984612393
440753834369
4407510520997
4401443814278
4407843685690
4407722955739
4407852481503
44634352345
4401479873701
4407400252775
4407393869284
447791381083
4407543795573
4407445293609
4407715311310
4407595307400
4407596788179
4401323500947
4407966664465
4401642276061
4407500582086
4407877445507
4407842588496
4401273514824
44075787555810
4407795577286
4407503528032
4401275316883
4407500607537
4407880522957
4407533579615
4407891939039
4407515690719
4407502324362
4407881345962
4407837198985
4401823338693
4407541015993
4407792380829
4407521913194
4407790987678
4407424567800
4407981360852
4401225284190
4407900981678
4401142999911
4435348521234
4407468589481
447542356957
4407976620509
4401253872114
4407875515283
4407828656604
4407977674844
4407957318129
4407952241722
4407983407766
4407925245380
4407553146989
4407767866622
4407731948063
4407706555322
442086410153
4402920480416
4407963768302
4407366849963
4407756160506
4407902964145
4407878069723
4407383980824
4407746321138
4407772421258
4401314780990
4407772834797
44078546321548
4407835471251
4407983599926
4407778369537
445866342127
4407595743133
4407940964888
44016350569578
4407990015081
4407807223205
4407837519840
4407526170708
4407877072075
4407391494688
4401780592993
4407887241365
4407718219870
4407581135772
4407814060439
4407378222481
4407947328053
44441274861742
4407739312174
4407342880763
4401702625139
4407794080668
4407703345690
440898675432
4407986102767
4407985110812
4407950931540
4407747057962
4407747611019
44441472852255
4407790773324
4407912414302
4407884005445
4402082905768
4407465269645
4401513645608
4407962101114
4403666523652
4401443814989
4401914608104
4401822481392
4407960389899
4407368955341
4407816587050
4407775871653
4407739906583
44696969696969
4407393341522
4401494268826
4407866986220
4407872301397
4407875768359
4407932727275
4407795252775
4407394185923
4407984493782
4407952077904
4407753807181
4407597691973
4407488331287
44476367926876
4407875757859
4407926086464
4407471208384
4407805500994
4407786913648
4407979317665
4407730502269
447795575177
4407786196841
4401322335609
4407999838256
4407736419465
4407771727629
4499999999999
4407938072470
4407395286982
4407725007898
4401404758674
4407860902561
4407870136814
4407973128664
4407854003684
4407817868644
4407919161315
447779294462
4407796467402
4407950992403
4401514245155
4407985640451
4407849779015
4407709349184
447813621192
4407833222051
4407972081315
44797281315
4407763337723
4407984343523
4407940296621
4407429938411
4407982715152
4407971598949
4407500362103
4407935352375
4407939400383
4407944806759
4407946277431
4407884437964
4407522250767
4407792922396
4407968409720
4407476226685
4401342842596
4401387259289
4407502332551
4407876453281
4407545842320
4407910309356
4407530146311
4401226746044
4407584132981
4407450007909
4407368287475
4407971267741
4407977430777
4407890240613
4407889531060
4407427147487
4407769830021
4407735550441
4401423522071
4407917445778
4407786222659
4407951811921
4407972173637
4402476690138
4407934298066
4407970230480
4407771615497
4407792797001
4407719458286
4407880677327
4407715448648
4407963511415
4407780465243
4407813878824
4407941465715
4407974280987
4407786214849
4407801685165
4407970678072
4407795802519
4407800920151
4407790926649
4407580397845
4407766801545
4407971666928
4407469942979
4407590893433
4407488286971
4407934669428
4401617776187
4407885808197
4407393322170
4407858353579
4407584304576
4407707214657
4407902805611
4407545637334
4407795022022
4407912486609
4407530823100
4407712763986
4407966007633
4407505001737
44441903266860
4407956345460
442088515982
4407824880993
4407969259172
4407719711313
4407595156684
4407834047366
4407768147576
4407490960003
4407719802170
4407929266605
4407970156237
4407717684080
4401923663374
4407738255110
4401782504325
4401303873637
4407713456490
4407957614680
4407506568102
4407469081903
4407598278760
4407774847488
4407557799117
4407970004285
4407730323581
4407793019541
4407796142152
4407494933424
4407050157140
4407949711155
4407845098135
4407511929048
4407810000599
4407443487366
4407970976973
4407539038116
4407720751320
44475117008556
4407899728335
4407803320585
4407947732124
4407900803281
4407788991010
4407885458232
4407941047832
4407375884654
4401785240618
4407980213419
4407876140015
4407411253198
4407415900178
4407805555562
4407786551869
4407951467765
4407958152571
4407747703321
4407552747671
4407818261309
4407725550813
4407786085552
4407585008259
4407934666612
4407792929645
4407800563724
4407342645380
4407875342887
4407956331481
4407488292556
4401772497993
4407922956896
4407803183460
4407853337657
4407792529451
4407748636923
4407764831591
4407751455432
4407905904114
4407582147258
4407739370552
4407772472011
4401234567890
4407949056214
44441278322229
4407583780925
4401353669465
4407881861021
4407443470216
4407894804677
447407133430
4407810442323
4407795554616
4401294551771
4407715575022
4407759216760
4407703462190
4407834159739
440123456789
4407980348984
4407710137497
4407521475933
4407340746565
4407725236531
4401656783604
4407867966520
4407733328554
4407568593244
4407538708004
4407985283852
4407960410464
4407703012580
4407906527747
4407818655493
4401327705767
4407368259837
4407788593940
4401424204788
4407710878254
4407946416509
4407458320359
4407967835760
4407852387815
4407415235757
4401554753604
4407887247469
4407976092793
4407852163630
4407708085816
4401376341031
4407977732337
4407515635477
4407512613135
4407850411879
4407413063353
4407977844930
4407837158942
4407733020935
4407811884972
4407719683682
44441283215481
4407455164508
4407432846989
4401977604423
4407721487487
4407919022337
4407540701090
4407825323938
4407701062571
4407931701533
4407908618637
4407771683473
4407973434955
4407929349576
4407870738251
4407974197417
4407799662315
4407703263283
440123654789
4407734726461
4407811934341
4407980281137
4401758760360
4407739017735
4407783930741
4407805869731
4407925042974
4407837723907
4407870380098
4407709177008
4407821301629
4407876134079
4407411943310
4407881661422
4407941115197
4407866744300
4407950540595
4407703463510
4407882323203
4407976953957
4407716447405
4407841599266
4407809378870
4407554397466
4407841347199
442533343386
4407882784086
4407940534213
4407936017245
4407875282744
4407484240816
4407500335126
4407757026937
4401603395032
4407904388992
4407989186377
4407480856768
4407805453031
4407957884098
4407887952604
4407595491660
4407938713816
4407584069292
4407932527756
4407816457345
4407861711788
4401639767855
4407792787283
4401895439329
4407971189372
4407960858020
4407968395531
4407796315575
4407780844488
4407929117168
4407720843047
4407796100230
4407949124401
4401383725641
4407495168831
4401333424455
4407801235794
4407901638838
4407712085695
4407545353633
4407555430311
4407968391575
4401326354555
4407534397967
4407756475288
4401202388243
4407702418740
44441833316378
4407745693369
4407982715333
4408085656569
4401524388338
4407842827557
4407525779093
4407584938874
4407446380125
4407921488685
4401269841310
4407912851158
4401248451046
4407796630048
4407868292440
4407907032007
4407814269508
4407798853524
4407518426532
4407813684845
4407793545325
4407909902239
4407488227526
4401883371383
4407880863666
4407944776833
44442088683302
447958016442
440771974789
4407972173038
4407903540507
4401933632270
4407597347539
4407947113172
4407977206195
4407956537169
4407850228869
4407718234682
4407855038058
4407854986955
4407946489891
4407958444270
4407712637003
4407808911998
4407944199355
4407455506178
4407578387155
4401902354117
4407947253637
4407985360187
4407977598394
4407757713965
4407979645557
4407454749716
4407966973067
4407825649423
4407717798768
4407921816835
4407960068187
4401162702267
4407801632090
4407368918403
4401928560253
4407889790402
4407488240429
4407891510981
4407756940129
4407754632632
4407795108250
4407833208140
4407973789663
4407931174326
4407823446778
44441707654335
4407743961770
4407713185706
4407725315516
440779056845
4407786340686
4407488233430
4407392750882
4407866979929
4401617662023
4407979105095
4407875593548
4407910311675
4407756345178
4407305734506
4407825286534
4407426365553
4407336698521
4407894987882
441202123456
4401494700650
4407983926681
4407967026417
4407769940407
44441505320762
440781451217
4407851719876
44019999999999
4407811224758
4407592693276
4407494054248
4407810868646
4401652679480
4401253640161
4407368412694
4407907729429
4407906102323
4401252613826
4401517397333
4407944156627
447989144881
4485236585632
4407967164179
4407989178810
4401446624880
440238019829
4401213233284
4407780447453
4407856610993
4402032944020
4407707851407
4407999750900
4407782105998
4407980591456
4407776180974
4401773442511
4407787520255
4401236736976
4407708510094
44012349538958
4407545593176
4407841277306
4401865400219
4407951500154
4407877562330
4401513551475
4407976167384
4407863129745
4407957132339
4407914540463
4407740399020
4407874963223
4407958593482
4407774460045
4402476417599
4407767721547
4407717745313
4401698658397
4407979022302
447543281613
4407708583643
4407971093346
44087242046648
4407813621192
4407969733214
4407834902399
4407845239243
4407342968121
4407872499456
4407881202572
4407763776479
4407852210492
4407426003506
44996666666
4407922409222
4407956025063
4407766242683
4407906469881
4407833964839
4407811765005
4407729779190
4407375291518
4407449038991
4407971683844
4407984618394
4407704673954
4407368560600
4407976772256
4407715232247
4407876878744
4407874389575
4407904896853
4401268814728
4407814461050
4407790996899
4401872225140
4407504568814
4407793433572
4407468691973
4402380737376
4407904743326
4407868143353
4401773822707
4407939563924
4407741479232
4407545765218
4407540334193
4407791665436
4407733201433
4407809438985
4407870274194
4407745000798
4407962440751
4407788990737
4407521932385
4407814764282
4407939824883
4407402824302
4407906851815
4407710484482
4407722503940
4407719499525
4401215057743
4407874803005
440207007007
4407471315081
4407876505303
4407717595958
4407505729690
4407887866337
4407850218812
4407749230803
4407701312350
4407935230034
4407846713842
44441162996437
4407488252733
4407939521878
4407914009306
4407961734420
4407837782449
4407899306716
4407857204949
4401603701097
4407399568823
4401702526478
4401274953060
4407710881109
4407771553883
4407814764204
440124655890
4407766277826
4401494782415
4407889377702
4407837693231
4401144490521
4407568194838
4401304365238
4407967882931
44123456980748
4407762120013
4407443564282
4401634681990
4407816224747
4401142553690
4401527402094
4407850069167
4407776147317
4401283228933
4407891002059
4407746009774
4407590293506
4407966193445
4401443430106
4401344360260
4407770166066
4407490783698
4407450293332
4407399991392
4407784967445
4407397864022
4407711910500
4401202720601
44079873338266
4407852365809
4407985532158
4407428664051
4407986583729
4407546892994
4407921464329
4407511966106
4407449989859
4407951305538
4407728285153
44782477677
4407910111228
4407939217826
4407525336671
4407941445174
4407889851067
4407854680296
4407931481547
4401404815556
4407843432656
4407494438781
44078852363963
4407787259126
4407453562192
4407480796758
4407905357841
4407841466261
4407801549406
4407900478648
4407971319742
4407538484343
4407435333896
4407979914227
4407971863051
4407753801254
4407919078157
4407885517010
4407879020767
4407980213363
4401258453327
4407935101504
4407967352418
4407468855699
4407799554455
4407974188376
4401413168366
4407588861453
4401619482587
4407812958852
4401455841035
4407725579503
4407533774586
4407760291485
4407788405372
4407816784362
4407801062177
4407804462684
4407516665274
4407552764531
4407702099367
4407851720202
4407570400494
4401892610418
4407974973352
4407715173719
44888888888
4407985792185
4401923240141
4401619647468
4407572460534
4407488385995
4407732418117
44552085910174
4407913926702
4407464415420
4407479471438
4407789115338
4407814369122
4407476414111
4407887667388
4401432769112
4407740274785
4407488380096
4407961671774
4407813251988
4407892695072
4407803614807
4401732822300
4401975641223
4407545472693
4407500810451
4407801299796
4407488256157
4407719279765
44441709854996
4407476105205
4407947103328
4401706649360
4407967173080
4407713345900
4407463595457
4407970546550
4401736761147
4407999546837
4407468527744
4401535214893
4407805223384
4407900017046
4407400003007
4407831249612
4407739267702
4407769614215
4407368518517
4407962276781
4407803370561
4401903700331
4407877017326
4401915208352
4407971193849
4407748550023
4407749712136
4407583693480
4407719799902
4407475113434
44441636679218
4407507857939
4401207562011
4407984944723
4407765133759
4407738732617
4407795103439
4407977211854
4407799886254
44441912370196
4407963258741
4407758272261
4407936179447
4407525053284
4407775675248
4407827759008
4407789236635
4401795537953
4407798672399
4407872311209
4407917105951
4407554164327
4407999730605
4407507869211
4407788896715
4407944432166
4407455376635
440752314788
4407849127094
4407870366304
4401752822379
4407920137634
4401473631227
4407723536519
447775877436
4407785360404
4407835147228
4407747090960
4407989250475
4407799260856
4407311794369
4407929358355
4407883541674
4401270661932
4407933089085
4401415639949
4407860826392
4401234752264
4407787127795
4407568340701
4407860848513
4407708736759
4401202674619
4407368559924
4407731130923
448855566554
4401948860081
4407721493906
4407989978220
4401795421670
4407541320915
4407963919691
4401977703017
4407825155641
4401244674592
4407725959207
4401394200004
4401245360434
4407931443175
4401388813562
4407875675777
44441209481065
4407384547457
4407749882682
4407890305292
4401362692060
4407742183283
440807532188
4407885758628
4401619730162
4407716407845
4401273575294
4407780647220
4407917205406
4407733126935
4407825414032
4407813644836
4407817462929
4407769550540
4407814822834
4407500594850
4407526460667
4401942635178
4407368864121
440876824952
44441227277297
4407777123456
4407403711175
4401224647066
4407982688501
4407879818432
4407756081737
4407814322597
4407824331962
4407722361394
4407821174442
4407488253498
4401754611379
4407908418317
4407519856702
4407706043227
4407811310589
4407792489783
4407708099722
4407925351667
4407851299181
4407958797209
4401995670704
44441214292909
4407753991928
4407958390064
440102365858
4407800760581
4407496626166
4407743053025
4407583493014
4401419424913
4407752953180
440545290467
4407423145888
4407899952928
4407761138751
4407909796852
4407565098940
4401698308134
4407525178163
4407808859335
4407464968588
4407920840566
4407773225695
4407595876848
4407581180132
4407717827518
4407885234445
4407733121570
4407512901224
4407933974936
4407711792115
4407771570575
4407966410750
4407446266575
4407881656383
4407982100668
4407749662905
4407802457937
4407850761699
4407721499948
4407551814024
4407899004066
4407972034212
4407504800518
4407484874862
4407976008561
4407465426500
4407894551803
4401424434948
4407387212351
4407887509630
4407895765544
4407985178749
4407930113280
4407867558775
4407917645609
4407740179976
4407824826130
4407557950364
4407808733747
4407968905427
4407540419905
4407717674102
4407894510867
4407538529399
4407816418648
4407851862138
4407791119702
4407730614042
4407488300362
4407962172506
4407979203354
4407940963038
4407862723287
4401215206310
4407710488139
4401355678743
440874307206
4407833336607
4407808830518
4407850062246
4407902761264
4407795382571
4401756704604
4407494970404
4407787421424
4407478685061
4407930903014
4407896296884
4407825440816
4401264364308
4407916259003
4407917540428
4407710326926
4407902427855
4407585027454
4407585003021
4407715577494
4487946458993
4407535451436
4407920838687
4407879292174
4407885863754
4407866211557
4402380549240
4407534993122
4407939171674
4407956559877
4407920174727
4407710709645
4407950256745
4407793047082
4407790466630
4407984094391
4407946228788
4407796000136
4407400356478
4407748805097
4407875213977
4407720565894
44442088982975
4407575052212
4407771935788
4407702653809
440852255885
4407886798961
4407983114313
4401452421074
4407977490773
4407802184768
4407500897283
4407791279472
4407961748126
4407973897498
4407437735743
4407702340547
4407999331910
4407737502926
4407779895634
4407810256947
4407861883944
4407534969987
4407799142077
44441406478081
4407713110692
4407890035279
4401617470633
4407766532892
4407949131017
4407717826487
4407816976676
4407815585029
4407511823719
4407973243676
4407904988327
4407436883261
4407515448688
4407597837390
4407707784117
4401235411023
4407962149128
4407900565486
4407894227760
4407368625162
4407912056116
4407535542116
4401656710386
4407540378487
446969969696
4407725801333
4407591910849
4407554444787
4407956204325
4407807630770
440777796321
4407846960780
4407525816478
4407890809333
4407870700717
4407710726276
4407969745533
4407961051324
4407836664009
4407713764685
4407584254620
4407824627379
4401977798721
4407960364704
4407973265978
4407789267764
4407872031392
4407988085524
4407769347764
4407917716472
4407974428058
4407835467202
4407800823584
4407974387058
4407854234407
4407979900500
4401993851490
4407932035797
4407876555318
4407801298696
4407770752219
44075153641573
4407581354215
4407475866662
4407815146737
4407970259790
4407884442233
4407932378804
4402891458676
4407584048874
4407479546025
4407541358682
4407990732190
4407929562394
4401241890923
4407368400578
4407543831192
4407966603230
4407718254422
4407734663239
4407507852287
4407881808877
4407766806903
4407590334671
4407976032022
4407855491418
4407955108625
4401256882751
4407801427714
4407960280255
4407776290757
4407765862662
4407931884927
4407956925514
4407973836481
4401685359342
4407479451936
4407919522070
44441506413911
4407488350557
4407583178970
4407815966714
4407764708205
4407963634339
4407792125998
4407909881659
4401603279121
4407767358997
4401514232202
4407891122648
4407703441230
4407400070989
4401324336689
4407851322624
4401132611041
4407854986965
4407512009401
4407733138254
4407522911491
4407949563663
4407717317550
4401342529571
4407885209978
4407796420385
4401625265311
4407970626624
4401752219276
4407549993225
4401905611963
4407816288599
4407876525953
4407888775177
4404884056773
4407562596223
4407982246414
440791119702
4407860386424
4402089244572
4407904382194
4401332574518
4407584670442
440133254518
4401915866507
4407989087317
4407711582593
4401635871944
440167232955
44446291203444
4407738525468
4407540336006
4401515212918
44017738749105
441272883488
4407879465041
4407913005539
4407982417994
4407795513376
44074150072590
44441709209160
4407875278221
4407342128124
4407951158320
4401754611095
4407748392693
4407860166932
4403621751248
4407736870390
4407584663600
4407751199790
4407949822766
4401613393146
4407807936641
4407743885816
4401543324063
4407917056060
4407414839942
4407857078593
4407762787591
4407803308153
4407771541508
44014104238598
4407772129485
4407858332921
4407824848991
4407951479652
4407813752878
4407968990619
4401332360412
4407491227006
440429239452
4407384709788
4407799010470
4407948591720
4407988102647
4407580234645
4401822832725
4407795397944
4407895300095
44441252620708
4407741857687
4407908171852
4401825760378
4407789557474
4407704473298
4407546556200
4401275853833
447964664609
4401253864728
4407403960277
4407734463838
4401842550919
4407494418628
4407920826661
4407488362886
4407541957187
4407805169882
4407903949905
4407825222215
4407543846837
4407595044025
4407842194229
4407877636085
4407581033210
4407809765243
4407904955603
4407864635866
4407960067276
4407940560288
4407950108686
4407557917763
4407507718929
4407925318215
4407752443670
4401772513434
4407907901620
4407760666081
447917570987
4407902823232
4407920863184
4407903174476
4407752598784
4407873505184
4407535123430
4407989122456
4401527585321
4407485440180
4407754101603
4407703278920
4407840289850
4407968654849
4407522628641
4407950583149
4407749796885
4407468524032
4407854681238
4401323656223
4407743171959
4407482308101
4407899914654
4407870628449
4407843327718
4407939098132
4401623748914
4407944449641
4407469248089
4407768511096
4407754884270
4407472696196
4407925188396
4407400090631
4407786966118
4401752779215
4407732685969
4407952145863
4407760174324
4401226755615
4407790457009
4407592088484
4407837976307
4407969321663
4407758016020
4401772725847
44465923102789
4407756289255
4407713118999
440258063527
4407763351997
4401226219951
4407462732175
4407515346060
4407792523060
4407922986144
4407599294284
4407895868381
4407956510238
4407734469666
440794969910
4407584247206
4407536943335
4407885790197
4407391514825
440202123987563
4407968740589
44078743287553
4407874960817
4407850915219
4407894203966
4407526564846
4407842765715
4407508667155
4407590385332
4407807922695
4407841680681
4407958139137
4401884257799
4407856113600
4407809364627
4407842141545
4407915058011
4407847061618
4407724618881
4407974401908
4407904058845
4407585445486
4407863634992
4407565677159
4401730815867
4407831871376
4402070070809
4401706641036
4401303242426
4401403253223
4407807838220
4407757738797
4407976734480
4407488278488
4407883989919
4407734995676
4407989578456
4407941009163
4407774723185
4401915293667
4407765042481
4407824516487
4407796953352
4407717576328
4405485468644
4407557535884
4407809556391
4401268756259
4407814231966
4407787511217
4407968274323
442303671234
4407905394808
4407821692226
4407429005118
447510218716
4407581414152
4407921770321
4401789721209
4407710226221
4407846487527
4407830023368
4407803293232
4407792416168
4407813875491
4407876620035
4407505586216
4407833681351
4407452822116
4407472625503
4407973381573
4407977013799
4407926533166
4401324832752
4407795233499
4407415020423
4407796942380
4407772109623
4401617023882
4407846635167
4407919114945
4407426742138
4407590721536
4407855415509
4407465956887
4401443474201
4407812160164
4407946409580
4407403911115
4407971189475
4407835554708
4407505283695
4407976237125
4407557507153
4407929354460
4407593137556
447972712251
4407818883735
4407749228279
4407886105563
4407864681365
4407846752502
4407762288983
4407837687803
4407816228573
4407966631408
4407867490746
442555806635588
4407710416687
4407960870198
4407545097574
4407884288555
4401908330958
44441227265839
4407443332283
4401492871279
4407790237697
4407743385426
4407588752409
4407846219500
4401592372520
4407846643016
4407368239340
4407743422626
4407973381604
4407387158544
4407869512503
4407854869774
4407588451123
4401905340050
4407808675535
4407977181412
4407940658024
4407578766345
4407930285737
4407590845807
4401566785198
4407763461064
4407817061696
4407919521325
442234567890
4407308814848
4401480456617
4407769116770
4407714788595
4407715702367
4407947030867
4407711917111
4401255688221
4407463919580
4407828696730
4401661871616
4407908061926
4407890935203
4407583801005
4407762655343
4407973577149
4407736310052
4407749925465
4401912289329
4407706843711
4407802212190
4407853985007
4407983510697
44999999999999
4407841614677
4407391510558
4407775833700
4407793667278
441159202063
4407812543208
4407807283098
4407786913021
4407913302305
4407976880472
4402083931933
4407887366899
4407776167062
4401467624774
4407899801812
4407985149536
4407456709807
4407968448559
4407838402220
4401273891177
4407984190555
4407740949087
4401702482335
4407903733886
4407738753160
4407862725495
4407701010182
4407976301965
4407799883074
4407531602718
4407985538206
4407521970739
4407831416168
4407792732206
4407528139523
4407949584032
4407714443361
4407943141816
4407790941758
4407748551966
4407948351048
4407984990912
4407976912948
4407525262077
4402380327869
4407976294979
4407855658854
4407932533319
4407711999344
4401977683107
4407790300007
4407585414505
4401483421548
4407775795957
4407979864186
4407542665007
4407517740682
4407944645428
4407725417896
4407460483121
4407824975284
4407926027176
440696969696969
4401519366847
4407788150050
4407936492012
4407879840746
4407840731921
4407977107496
4407949121530
4407852991223
4402392599615
4407884348045
4401933357072
440123456786
4407852123125
445123668523
4407947788785
4407474904404
4407754189849
4407976646248
440284561234
4407951100542
4401342529517
4407527352565
443131313131
4407695321856
444196304540
44010101010101
447068364700
445196089215
447074650000
448479754923
443056809977
443122174727
440659556728
440412519333
4421987473956
447742741688
4417205865174
4407876277104
4414086050913
4407539198638
4407789315888
4407766310298
4401553631708
4401209820583
4407890489612
4407939382315
4407368491864
4401234234567
4407919936219
4401228712970
44441252843053
4407397962128
4407484115974
4401538423422
4407787357046
4407803251661
4407491452843
4407712675375
4407548759444
4407982028107
4407368453397
4407070712340
440645110874
44078545215858
44078150168822
4407696969690
4407368434020
4407963481486
4407504819654
4407969142023
4407823885846
4401239614602
442565232696
4401407810642
4401652441258
446024639344
449563359548
4407740109677
4407946760723
443184039292
447249980055
448176835469
449413759950
4401625526145
4412345678910
4407947826235
446155009003
443038597360
44661400062
443167060145
447017392446
441234545678
4401304373789
449163086860
445054128015
443602232076
4442069911666
4401536724368
448596351755
446969696996
446812091709
443616889182
446056300007
446128397361
446192529170
445862984051
448312393447
442038721973
445525000912
442425570883
4401329832890
4407783022259
4407779837785
4407871957194
4407368807709
446672181394
447858394241
442156679500
4401270256337
445176054334
446017207227
448057293829
4402902036703
446182184170
441111111111
4402476695826
445074935532
4407465264526
448283841547
448282084147
4407710684509
449512365738
447039877121
442036099161
448067897408
444349751605
4412109995407
447068473855
445053079822
448173053185
446822174622
4401733230381
448652281355
4407772420737
442487224665
444156010340
449363484920
443128068195
449713228795
4407939022294
442183344442
4402890369039
445152909999
444806509311
445042953015
449405070107
443185870576
444197893646
444848091199
4407881781413
449807775068
448653336327
4402380198229
447568063254
4407912875943
4404852387815
4407544221404
4407725979559
4401323470367
4407359125171
4407505134740
4407725210626
4401202488243
4407912883594
444047546172
44441159202063
4407807320113
443188058000
4401212942820
4407834764164
4407592160720
4407990752622
4496318467115
4407745685327
4407702672532
4407377929682
4407711117225
449377502112
4407790325320
4407792278545
4401827893164
4407833710429
4407882659807
44485944657767
4407807939192
4401284789504
4401278426265
4401279445609
44441273514824
4407825166979
4401823330932
4407763556477
4401316658078
4455656555646
445555855645
4407498668186
4407724931809
4407802737266
44441214272750
4407549691993
447368137449
440167023882
447074988280
4407581391534
4401202601917
4407841161201
4407769901154
4407801025713
4407766423883
4408973128937
4407833854922
4407720946978
4407989367135
4407403127427
4407960312888
4407767488488
4401875870541
4407368160428
4407967933602
4402084289109
4407831201934
4407427651449
4407971255517
4407522943000
4407944329164
4407879473213
4407984686879
44442392781445
4407376945797
4407564652229
4407766724216
4401600649646
4407792945301
4401580763745
4407786082587
4402083936129
4401614774782
4407748558514
4401793849907
4481528653984
4407887916823
4401614286544
4407747684118
4407572919986
4407725030477
4401501820137
4407890082393
4407825840936
4407500418891
4407879678572
4407715810101
44441684302828
4407548689808
4401946443776
4407920015341
4407306134004
440756487698
4407960948853
4407818851989
4407854070105
4407746095113
4401495312853
4407949101819
4401661871322
440852535444
4407766236326
4407888820775
4407542498995
4407564539365
4407895588089
4401909304892
4407904875227
4407701013304
4407904086009
4407914750774
4407988658187
4407960832608
4407736807225
4407779711488
4407533276418
4407515377267
4401782920335
4407816523711
4401915860518
440852963174
4407711100084
4407533934271
4407960832698
4401323764418
4407532080383
4407533213400
4407484716815
4407578354753
4401908267099
4407720274720
4407925058977
4401993891812
44999999999
4407960258185
4407383242011
4407543957443
4407958903908
44097658794623
4407894808201
4401612249576
440217218000
442342342342
447205865174
449494944495
443222734028
44089656415327
4412256128602
44111112112
44085730941332
440454646464
44950631014
446969696969
449677544322
441245788956
443454363476
449894809626
440828522743
4407548946907
4407365146569
4461432363025
4407781158461
440412293749
440035799557203
4401299402040
4401226766588
4407947749715
4434623392688
4401788570858
4434634360600
4407831697120
4407821904206
4424145134513
449876543210
44082174040719
444045520143
443157975523
442000000000
4407753646893
446462450569
447865615756
4407808088792
446063058829
442512275705
4407341669143
449053758706
444043090637
449102846504
440774538521
443609228195
444167313226
44447449753129
4407527960645
4407920529410
447064902023
4407933098704
4407446989746
442544104760
447862814480
442514104760
4407951331270
4407921116860
4407700351212
4407388053935
4401284663266
44652502477
4407828774442
4407535364588
442532981504
4407890724338
4407538965196
447169462770
4407855147020
4407467264262
444234588137
440240612304
44015730850653
44015222728133
449373369370
44017930487088
44015755781206
449492789181
442283554001
4407502933669
442568419704
445308633113
442083132113
446628828014
449178410972
449899710939
4407989608909
441669013608
44231123213
44321231123
442222222222
4411199922293